"","MSOA11CD","MSOA11NM","T.01","T.02","T.03","T.04","T.05"
"1","E02000001","City of London 001",0.4230330672748,0.00296465222348917,0.16533637400228,0.358722919042189,0.0499429874572406
"2","E02000002","Barking and Dagenham 001",0.464061924069296,0.00663472171028382,0.417618872097309,0.099152230003686,0.012532252119425
"3","E02000003","Barking and Dagenham 002",0.652321335419927,0.00886802295253,0.116327595200835,0.216484089723526,0.00599895670318206
"4","E02000004","Barking and Dagenham 003",0.727782571182053,0.00690250215703192,0.160051768766178,0.0983606557377049,0.00690250215703192
"5","E02000005","Barking and Dagenham 004",0.583411875589067,0.0056550424128181,0.249136035186931,0.151429469054351,0.0103675777568332
"6","E02000007","Barking and Dagenham 006",0.400755594303981,0.00929962220284801,0.483289741354258,0.0967741935483871,0.00988084859052601
"7","E02000008","Barking and Dagenham 007",0.457198867349161,0.0106730559790895,0.383794380309301,0.139620997604008,0.00871269875844043
"8","E02000009","Barking and Dagenham 008",0.459215442092154,0.0245952677459527,0.305728518057285,0.192714819427148,0.0177459526774595
"9","E02000010","Barking and Dagenham 009",0.452916160388821,0.0188335358444714,0.363001215066829,0.157047387606318,0.00820170109356015
"10","E02000011","Barking and Dagenham 010",0.664482306684142,0.00524246395806029,0.126256006989952,0.192223678462211,0.0117955439056356
"11","E02000012","Barking and Dagenham 011",0.691835481890731,0.00368324125230203,0.145794966236955,0.14610190300798,0.0125844076120319
"12","E02000013","Barking and Dagenham 012",0.46048,0.01184,0.37792,0.1392,0.01056
"13","E02000014","Barking and Dagenham 013",0.438402718776551,0.00453129425092042,0.400169923534409,0.149249504389691,0.00764655904842821
"14","E02000015","Barking and Dagenham 014",0.309148264984227,0.0189274447949527,0.505993690851735,0.159305993690852,0.00662460567823344
"15","E02000016","Barking and Dagenham 015",0.225971370143149,0.0136332651670075,0.353783231083845,0.39945466939332,0.00715746421267894
"16","E02000017","Barking and Dagenham 016",0.568706485892268,0.00769512641993404,0.09783803591059,0.31513374862587,0.0106266031513375
"17","E02000018","Barking and Dagenham 017",0.388153938665063,0.0132291040288635,0.422429344558028,0.169873722188815,0.00631389055923031
"18","E02000019","Barking and Dagenham 018",0.462790697674419,0.0225913621262458,0.347176079734219,0.156810631229236,0.0106312292358804
"19","E02000020","Barking and Dagenham 019",0.428323699421965,0.0153179190751445,0.364161849710983,0.182947976878613,0.0092485549132948
"20","E02000021","Barking and Dagenham 020",0.539844014920312,0.0149203119701594,0.191590369616819,0.243133265513733,0.0105120379789759
"21","E02000022","Barking and Dagenham 021",0.147807421036492,0.0371051824593683,0.632014719411224,0.172646427476234,0.010426249616682
"22","E02000023","Barking and Dagenham 022",0.294940353763883,0.0127519539284245,0.522830111065405,0.16289592760181,0.00658165364047717
"23","E02000024","Barnet 001",0.739902676399027,0.0104622871046229,0.0520681265206813,0.183211678832117,0.0143552311435523
"24","E02000025","Barnet 002",0.627277747101049,0.00911098840419658,0.141358365543898,0.210657095527333,0.0115958034235229
"25","E02000026","Barnet 003",0.760416666666667,0.00961538461538462,0.0532852564102564,0.161858974358974,0.0148237179487179
"26","E02000027","Barnet 004",0.526585695006748,0.0221322537112011,0.339811066126856,0.0995951417004049,0.0118758434547908
"27","E02000028","Barnet 005",0.716942984229681,0.00566114031540639,0.0359886777193692,0.232106752931662,0.00930044480388192
"28","E02000029","Barnet 006",0.635639054938799,0.00398519783660689,0.0956447480785653,0.253344719612866,0.0113862795331625
"29","E02000030","Barnet 007",0.77683284457478,0.00293255131964809,0.112903225806452,0.0888563049853372,0.018475073313783
"30","E02000031","Barnet 008",0.674121405750799,0.00745473908413206,0.0820021299254526,0.224707135250266,0.0117145899893504
"31","E02000032","Barnet 009",0.858132749817651,0.00145878920495988,0.0295404814004376,0.102115244347192,0.0087527352297593
"32","E02000033","Barnet 010",0.668073560446186,0.0256255652698221,0.140488393126319,0.156768164003618,0.00904431715405487
"33","E02000034","Barnet 011",0.643255950631796,0.0041140170437849,0.0981486923302968,0.238319130179254,0.0161622098148692
"34","E02000035","Barnet 012",0.556048506359065,0.00857734398107069,0.129251700680272,0.293108547766933,0.013013901212659
"35","E02000036","Barnet 013",0.65220700152207,0.0131912734652461,0.126331811263318,0.19533231861999,0.012937595129376
"36","E02000037","Barnet 014",0.653517809832205,0.00942007653812187,0.201942890785988,0.120989108036503,0.0141301148071828
"37","E02000038","Barnet 015",0.634724623363794,0.00345764386268214,0.0965670535934799,0.244257841442331,0.020992837737713
"38","E02000039","Barnet 016",0.728772635814889,0.00160965794768612,0.0406438631790744,0.218108651911469,0.0108651911468813
"39","E02000040","Barnet 017",0.563986409966025,0.00566251415628539,0.249150622876557,0.146470366175915,0.0347300868252171
"40","E02000041","Barnet 018",0.604487179487179,0.00256410256410256,0.109935897435897,0.266346153846154,0.0166666666666667
"41","E02000042","Barnet 019",0.530649174394933,0.00384528387242705,0.0868581768830581,0.356254241121918,0.0223931237276634
"42","E02000043","Barnet 020",0.709988860007427,0.00408466394355737,0.0241366505755663,0.252135165243223,0.00965466023022651
"43","E02000044","Barnet 021",0.470649895178197,0.0209643605870021,0.308176100628931,0.189378057302586,0.0108315863032844
"44","E02000045","Barnet 022",0.502159309021113,0.0107965451055662,0.214251439539347,0.248800383877159,0.0239923224568138
"45","E02000046","Barnet 023",0.502797202797203,0.00244755244755245,0.0458041958041958,0.436713286713287,0.0122377622377622
"46","E02000047","Barnet 024",0.407581764122894,0.0143706640237859,0.311446977205154,0.252229930624381,0.0143706640237859
"47","E02000048","Barnet 025",0.685782241014799,0.00290697674418605,0.0528541226215645,0.246564482029598,0.011892177589852
"48","E02000049","Barnet 026",0.193857331571995,0.0340158520475561,0.622853368560106,0.133421400264201,0.0158520475561427
"49","E02000050","Barnet 027",0.506099143524526,0.0158318193615365,0.247858811315858,0.218531014793667,0.0116792110044121
"50","E02000051","Barnet 028",0.587220808594854,0.00226180378852135,0.0616341532372067,0.32004523607577,0.0288379983036472
"51","E02000052","Barnet 029",0.516694691328369,0.00384338217631516,0.163824165265434,0.302185923612779,0.0134518376171031
"52","E02000053","Barnet 030",0.431257706535142,0.0289765721331689,0.154747225647349,0.371763255240444,0.0132552404438964
"53","E02000054","Barnet 031",0.540014419610671,0.0118961788031723,0.0681326604181687,0.370223503965393,0.00973323720259553
"54","E02000055","Barnet 032",0.458004307250538,0.00454654223498445,0.143814309643455,0.371620004785834,0.0220148360851878
"55","E02000056","Barnet 033",0.699115044247788,0.00147492625368732,0.0539823008849558,0.219174041297935,0.0262536873156342
"56","E02000057","Barnet 034",0.549186991869919,0.00284552845528455,0.0605691056910569,0.366666666666667,0.0207317073170732
"57","E02000058","Barnet 035",0.62156021206766,0.00378692249431962,0.0560464529159303,0.304721030042918,0.0138853824791719
"58","E02000059","Barnet 036",0.454385964912281,0.00726817042606516,0.23609022556391,0.288471177944862,0.0137844611528822
"59","E02000060","Barnet 037",0.492647058823529,0.005,0.0735294117647059,0.408823529411765,0.02
"60","E02000061","Barnet 038",0.507250945775536,0.00504413619167718,0.0305800756620429,0.432534678436318,0.0245901639344262
"61","E02000062","Barnet 039",0.362749257530759,0.0118795078489605,0.301230377598642,0.309291472210437,0.0148493848112007
"62","E02000063","Barnet 040",0.534958050339593,0.00599280862964443,0.0631242508989213,0.375549340791051,0.0203755493407911
"63","E02000064","Barnet 041",0.415510204081633,0.0073469387755102,0.253877551020408,0.303265306122449,0.02
"64","E02000065","Bexley 001",0.51099706744868,0.00696480938416422,0.228005865102639,0.244134897360704,0.00989736070381232
"65","E02000066","Bexley 002",0.35836627140975,0.00237154150197628,0.502503293807642,0.127009222661397,0.00974967061923584
"66","E02000067","Bexley 003",0.577932960893855,0.0053072625698324,0.195251396648045,0.210614525139665,0.0108938547486034
"67","E02000068","Bexley 004",0.471226570207169,0.0463663268661624,0.239394935876356,0.23018743834265,0.012824728707662
"68","E02000069","Bexley 005",0.707815631262525,0.00641282565130261,0.12625250501002,0.152304609218437,0.00721442885771543
"69","E02000070","Bexley 006",0.815549260308467,0.0125904941768964,0.0768020144790683,0.0884482215926975,0.00661000944287063
"70","E02000071","Bexley 007",0.768511861969806,0.00647016534867002,0.113587347232207,0.0999281092739037,0.0115025161754134
"71","E02000072","Bexley 008",0.408301567132571,0.00465904277848369,0.441973739940703,0.134688691232529,0.0103769589157137
"72","E02000073","Bexley 009",0.892641129032258,0.0047883064516129,0.0410786290322581,0.0564516129032258,0.00504032258064516
"73","E02000074","Bexley 010",0.518681318681319,0.0285714285714286,0.360753532182104,0.0838304552590267,0.00816326530612245
"74","E02000075","Bexley 011",0.881462799495586,0.00252206809583859,0.0554854981084489,0.0539092055485498,0.00662042875157629
"75","E02000077","Bexley 013",0.808362369337979,0.00522648083623693,0.0961672473867596,0.0818815331010453,0.00836236933797909
"76","E02000078","Bexley 014",0.866930171277997,0.00592885375494071,0.0421607378129117,0.0793807641633729,0.00559947299077734
"77","E02000079","Bexley 015",0.782981328435874,0.00428527701254974,0.0404040404040404,0.161003979185797,0.0113253749617386
"78","E02000080","Bexley 016",0.81010264721772,0.00864397622906537,0.0623987034035656,0.1107509454349,0.00810372771474878
"79","E02000081","Bexley 017",0.764649066323245,0.00193174500965873,0.141017385705087,0.0830650354153252,0.00933676754668384
"80","E02000082","Bexley 018",0.898092967818832,0.00685339690107271,0.00506555423122765,0.0813468414779499,0.00864123957091776
"81","E02000083","Bexley 019",0.704642409033877,0.00426599749058971,0.179422835633626,0.104391468005019,0.00727728983688833
"82","E02000084","Bexley 020",0.861249703017344,0.00665241149916845,0.0415775718698028,0.0838679021145165,0.00665241149916845
"83","E02000085","Bexley 021",0.849870298313878,0.00518806744487678,0.0437743190661479,0.0956549935149157,0.00551232166018158
"84","E02000086","Bexley 022",0.898529939046253,0.00466116887773396,0.00824668339906777,0.0831839368949444,0.00537827178200072
"85","E02000087","Bexley 023",0.848504137492043,0.00127307447485678,0.0404201145767027,0.101209420751114,0.00859325270528326
"86","E02000088","Bexley 024",0.888069705093834,0.00234584450402145,0.0331769436997319,0.0697050938337802,0.00670241286863271
"87","E02000089","Bexley 025",0.88064849948258,0.00379441186616075,0.0510520869265264,0.0579510175922732,0.00655398413245947
"88","E02000090","Bexley 026",0.708985360928824,0.0141342756183746,0.0898536092882383,0.178445229681979,0.00858152448258455
"89","E02000091","Bexley 027",0.692685206824024,0.00373919139985978,0.162187426968918,0.134377190932461,0.00701098387473709
"90","E02000092","Bexley 028",0.550698016164585,0.0209404849375459,0.326598089639971,0.0900073475385746,0.011756061719324
"91","E02000093","Brent 001",0.63849765258216,0.01731220657277,0.117957746478873,0.210680751173709,0.0155516431924883
"92","E02000094","Brent 002",0.58400292184076,0.0168005843681519,0.144631117604091,0.239225712198685,0.0153396639883126
"93","E02000095","Brent 003",0.599294193134424,0.00930381777350016,0.127686878408726,0.250240615976901,0.0134744947064485
"94","E02000096","Brent 004",0.753772835583797,0.00198570293884035,0.0432883240667196,0.186258935663225,0.0146942017474186
"95","E02000097","Brent 005",0.630553656869446,0.00410116199589884,0.108339029391661,0.244019138755981,0.012987012987013
"96","E02000098","Brent 006",0.537330316742081,0.0128205128205128,0.181749622926094,0.254147812971342,0.0139517345399698
"97","E02000099","Brent 007",0.518332135154565,0.0190510424155284,0.135514018691589,0.310927390366643,0.0161754133716751
"98","E02000100","Brent 008",0.655786350148368,0.00964391691394659,0.163575667655786,0.160979228486647,0.0100148367952522
"99","E02000101","Brent 009",0.3743961352657,0.0256642512077295,0.316123188405797,0.266304347826087,0.017512077294686
"100","E02000102","Brent 010",0.457532051282051,0.0196314102564103,0.236378205128205,0.279647435897436,0.00681089743589744
"101","E02000103","Brent 011",0.473613894455578,0.0180360721442886,0.257849031396126,0.237140948563794,0.0133600534402138
"102","E02000104","Brent 012",0.581111613194758,0.0212381382738364,0.114776321735201,0.269317668323543,0.0135562584726615
"103","E02000105","Brent 013",0.493493493493493,0.00867534200867534,0.141474808141475,0.339339339339339,0.017017017017017
"104","E02000106","Brent 014",0.420411713540157,0.0115975645114526,0.186140910408814,0.36822267323862,0.0136271383009568
"105","E02000107","Brent 015",0.359142926710494,0.00511322132943755,0.153396639883126,0.472607742878013,0.00973946919892866
"106","E02000108","Brent 016",0.547741034000932,0.00931532370749884,0.156963204471355,0.272473218444341,0.0135072193758733
"107","E02000109","Brent 017",0.470588235294118,0.0395220588235294,0.149203431372549,0.32843137254902,0.0122549019607843
"108","E02000110","Brent 018",0.457056247894914,0.00808352980801617,0.199730549006399,0.327382957224655,0.00774671606601549
"109","E02000111","Brent 019",0.507549759780371,0.0106382978723404,0.133493479752917,0.333218943033631,0.0150995195607412
"110","E02000112","Brent 020",0.519709543568465,0.016597510373444,0.0912863070539419,0.358229598893499,0.0141770401106501
"111","E02000113","Brent 021",0.222625529340593,0.0181488203266788,0.591651542649728,0.149425287356322,0.0181488203266788
"112","E02000114","Brent 022",0.30640589569161,0.0218253968253968,0.206065759637188,0.449546485260771,0.016156462585034
"113","E02000115","Brent 023",0.319355663513168,0.00741498338020966,0.263615443620557,0.396062388136027,0.0135515213500384
"114","E02000116","Brent 024",0.221028645833333,0.0341796875,0.329427083333333,0.399088541666667,0.0162760416666667
"115","E02000117","Brent 025",0.223831468071099,0.0184331797235023,0.472459951722625,0.266403335527759,0.0188720649550143
"116","E02000118","Brent 026",0.520884520884521,0.0136890136890137,0.204282204282204,0.249210249210249,0.0119340119340119
"117","E02000119","Brent 027",0.128994994224105,0.0373507893723527,0.663072776280323,0.15286869464767,0.0177127454755487
"118","E02000120","Brent 028",0.335749357025953,0.0060790273556231,0.235679214402619,0.412906242693477,0.00958615852232873
"119","E02000121","Brent 029",0.531071292413267,0.0171559283263439,0.0937857415173465,0.337018680899733,0.0209683568433092
"120","E02000122","Brent 030",0.54446997046275,0.00262553331145389,0.178864456842796,0.254348539547096,0.0196914998359042
"121","E02000123","Brent 031",0.240482664853841,0.0152957171991842,0.339394969408566,0.391400407885792,0.0134262406526173
"122","E02000124","Brent 032",0.409783110290725,0.00715274573142593,0.20719889247808,0.361559760036917,0.0143054914628519
"123","E02000125","Brent 033",0.483714483714484,0.0103950103950104,0.213906213906214,0.28020328020328,0.0117810117810118
"124","E02000126","Brent 034",0.119787045252884,0.0183377698905649,0.720792664892044,0.129547471162378,0.0115350488021295
"125","E02000127","Bromley 001",0.515374149659864,0.0108843537414966,0.357551020408163,0.103673469387755,0.0125170068027211
"126","E02000128","Bromley 002",0.739188290086494,0.00332667997338656,0.125083166999335,0.12375249500998,0.00864936793080506
"127","E02000130","Bromley 004",0.58891454965358,0.0124133949191686,0.190531177829099,0.199480369515012,0.00866050808314088
"128","E02000131","Bromley 005",0.38679450860754,0.0084985835694051,0.263674003050774,0.334277620396601,0.00675528437568098
"129","E02000132","Bromley 006",0.531491002570694,0.0113538988860326,0.150599828620394,0.293273350471294,0.0132819194515853
"130","E02000133","Bromley 007",0.848270638727594,0.00530169149204746,0.0247412269628882,0.11007321383489,0.0116132289825802
"131","E02000134","Bromley 008",0.574226400313357,0.00430865648256953,0.170583627105366,0.238934586760674,0.0119467293380337
"132","E02000135","Bromley 009",0.25329395729214,0.0206724216265334,0.505452067242163,0.213539300318037,0.00704225352112676
"133","E02000136","Bromley 010",0.724966017217943,0.00453103760761214,0.193475305845039,0.0589034888989579,0.0181241504304486
"134","E02000137","Bromley 011",0.727247731646962,0.00439923013472642,0.073962056640088,0.188067088259555,0.00632389331866923
"135","E02000138","Bromley 012",0.722455016021691,0.00221838797140744,0.0352477199901405,0.224550160216909,0.0155287157998521
"136","E02000139","Bromley 013",0.67051842598376,0.0159275452841974,0.133978763272954,0.169581511555278,0.00999375390381012
"137","E02000140","Bromley 014",0.459557709784914,0.0190851257194789,0.449863677673432,0.0639200242350803,0.00757346258709482
"138","E02000141","Bromley 015",0.64582651391162,0.0111292962356792,0.147626841243863,0.188216039279869,0.0072013093289689
"139","E02000142","Bromley 016",0.763326226012793,0.00731038684130369,0.0593968930855924,0.16052391105696,0.00944258300335059
"140","E02000144","Bromley 018",0.680762203080136,0.00365439832941791,0.0524667188723571,0.252936570086139,0.0101801096319499
"141","E02000145","Bromley 019",0.503554502369668,0.0231042654028436,0.363744075829384,0.100118483412322,0.00947867298578199
"142","E02000146","Bromley 020",0.732896237172178,0.0122576966932725,0.0818129988597491,0.163625997719498,0.00940706955530217
"143","E02000147","Bromley 021",0.856110587496073,0.00188501413760603,0.037071944706252,0.0980207351555137,0.00691171850455545
"144","E02000148","Bromley 022",0.845043676414736,0.00151917964299278,0.0657045195594379,0.0778579567033802,0.00987466767945309
"145","E02000149","Bromley 023",0.670360110803324,0.0116959064327485,0.209602954755309,0.0994152046783626,0.00892582333025546
"146","E02000150","Bromley 024",0.815696365390801,0.00257317465422966,0.0923126407204889,0.0816982952717916,0.00771952396268897
"147","E02000151","Bromley 025",0.914495657982632,0.00133600534402138,0.0163660654642619,0.0584502338009352,0.00935203740814963
"148","E02000152","Bromley 026",0.611894776972932,0.00953107129241327,0.313000381242852,0.0541364849409074,0.0114372855508959
"149","E02000153","Bromley 027",0.925874125874126,0.0013986013986014,0.0342657342657343,0.0342657342657343,0.0041958041958042
"150","E02000154","Bromley 028",0.760097175827513,0.00971758275129062,0.090191314910416,0.133616762830246,0.00637716368053447
"151","E02000155","Bromley 029",0.821720641151456,0.0124304874059535,0.0857049394831534,0.0726202158979392,0.0075237160614982
"152","E02000156","Bromley 030",0.853238015138772,0.00441547518923465,0.0508830950378469,0.0798990748528175,0.0115643397813288
"153","E02000157","Bromley 031",0.906060606060606,0.00212121212121212,0.0193939393939394,0.0633333333333333,0.00909090909090909
"154","E02000158","Bromley 032",0.716463414634146,0.00779132791327913,0.224254742547425,0.0464092140921409,0.00508130081300813
"155","E02000159","Bromley 033",0.881047653692252,0.00545652964714442,0.0240087304474354,0.0807566387777374,0.00873044743543107
"156","E02000160","Bromley 034",0.867924528301887,0.00134770889487871,0.0269541778975741,0.0940026954177898,0.00977088948787062
"157","E02000161","Bromley 035",0.905906797269219,0.00237459186702286,0.0225586227367171,0.0629266844761057,0.006233303650935
"158","E02000162","Bromley 036",0.740740740740741,0.00276912426445137,0.177570093457944,0.0706126687435099,0.0083073727933541
"159","E02000163","Bromley 037",0.845377604166667,0.00846354166666667,0.0660807291666667,0.0725911458333333,0.00748697916666667
"160","E02000165","Bromley 039",0.878483835005574,0.0100334448160535,0.0483091787439614,0.0561129691564474,0.00706057227796358
"161","E02000166","Camden 001",0.450947130336443,0.00819903873338988,0.359626802374894,0.161436245405711,0.0197907831495618
"162","E02000167","Camden 002",0.555800496004409,0.00220446403968035,0.0837696335078534,0.333700744006613,0.0245246624414439
"163","E02000168","Camden 003",0.42008486562942,0.00792079207920792,0.292503536067892,0.266760961810467,0.0127298444130127
"164","E02000169","Camden 004",0.554384772263766,0.00169952413324269,0.0744391570360299,0.340244731475187,0.0292318150917743
"165","E02000170","Camden 005",0.445861601085482,0.00651289009497965,0.112890094979647,0.421709633649932,0.0130257801899593
"166","E02000171","Camden 006",0.433181039406054,0.00885208452312964,0.258709308966305,0.282981153626499,0.0162764134780126
"167","E02000172","Camden 007",0.217630195891065,0.0152890587673196,0.588867654085045,0.166029622551362,0.0121834687052078
"168","E02000173","Camden 008",0.395348837209302,0.00336228635472121,0.146539646959933,0.431213224992995,0.0235360044830485
"169","E02000174","Camden 009",0.307430664573522,0.00549450549450549,0.413657770800628,0.259026687598116,0.0143903715332287
"170","E02000175","Camden 010",0.32569558101473,0.0044423661444938,0.203413607668927,0.452887537993921,0.0135609071779285
"171","E02000176","Camden 011",0.457835019932536,0.00275988960441582,0.0877031585403251,0.432689359092303,0.0190125728304201
"172","E02000177","Camden 012",0.262095730918499,0.00569210866752911,0.491073738680466,0.23130659767141,0.00983182406209573
"173","E02000178","Camden 013",0.269392523364486,0.0058411214953271,0.327336448598131,0.38714953271028,0.0102803738317757
"174","E02000179","Camden 014",0.365505226480836,0.00209059233449477,0.319163763066202,0.3,0.0132404181184669
"175","E02000180","Camden 015",0.290512669416618,0.0047142015321155,0.38243959929287,0.310548025928108,0.0117855038302887
"176","E02000181","Camden 016",0.424938474159147,0.00246103363412633,0.153677878042111,0.407437790538693,0.0114848236259229
"177","E02000182","Camden 017",0.382382720215997,0.00438744515693554,0.183260209247384,0.390820114748566,0.0391495106311171
"178","E02000183","Camden 018",0.390363308425663,0.00515331100231899,0.291162071631023,0.29708837928369,0.0162329296573048
"179","E02000184","Camden 019",0.202462380300958,0.0339261285909713,0.458002735978112,0.297127222982216,0.00848153214774282
"180","E02000185","Camden 020",0.206957846622651,0.0165058405281869,0.454545454545455,0.30675469781615,0.0152361604875571
"181","E02000186","Camden 021",0.277508873830268,0.00806711842529848,0.279122297515328,0.410454985479187,0.0248467247499193
"182","E02000187","Camden 022",0.120364741641337,0.00364741641337386,0.695440729483283,0.164437689969605,0.0161094224924012
"183","E02000188","Camden 023",0.137223974763407,0.00599369085173502,0.617350157728707,0.226813880126183,0.0126182965299685
"184","E02000189","Camden 024",0.126498002663116,0.00532623169107856,0.558810474922326,0.282290279627164,0.027075011096316
"185","E02000190","Camden 025",0.20873939012889,0.00188619930839359,0.437283872995913,0.326312480352091,0.0257780572147124
"186","E02000191","Camden 026",0.249302649930265,0.00418410041841004,0.231171548117155,0.483612273361227,0.0317294281729428
"187","E02000192","Camden 027",0.200296296296296,0.00177777777777778,0.506074074074074,0.272,0.0198518518518519
"188","E02000193","Camden 028",0.287792207792208,0.00831168831168831,0.279480519480519,0.394545454545455,0.0298701298701299
"189","E02000194","Croydon 001",0.473286167357892,0.012686020980727,0.244449865820932,0.259819468162967,0.00975847767748231
"190","E02000195","Croydon 002",0.716192687173535,0.0147997678467789,0.0766105629715612,0.179628554846198,0.0127684271619269
"191","E02000196","Croydon 003",0.585977281629456,0.0172346259302781,0.174696435566001,0.211515863689777,0.0105757931844888
"192","E02000197","Croydon 004",0.535703790772847,0.0141052012929768,0.185424625330591,0.25242433147223,0.0123420511313547
"193","E02000198","Croydon 005",0.494607549430797,0.00988615937687238,0.215098861593769,0.267225883762732,0.0131815458358298
"194","E02000199","Croydon 006",0.648171500630517,0.00567465321563682,0.110655737704918,0.220680958385876,0.0148171500630517
"195","E02000200","Croydon 007",0.534242980844923,0.00734715297822094,0.124114405667804,0.322225137759118,0.0120703227499344
"196","E02000201","Croydon 008",0.376769795490299,0.00681699003670687,0.294703723125328,0.308075511274253,0.0136339800734137
"197","E02000202","Croydon 009",0.675612210667561,0.00704461590070446,0.054679637705468,0.250587051325059,0.0120764844012076
"198","E02000203","Croydon 010",0.457217504898759,0.0231874591770085,0.224363161332462,0.287393860222077,0.00783801436969301
"199","E02000204","Croydon 011",0.627463445645264,0.012396694214876,0.0845518118245391,0.259059122695486,0.0165289256198347
"200","E02000206","Croydon 013",0.422798702918434,0.0152157645298079,0.26166126216014,0.283362434522325,0.0169618358692941
"201","E02000207","Croydon 014",0.479120267260579,0.0264476614699332,0.280345211581292,0.203507795100223,0.0105790645879733
"202","E02000208","Croydon 015",0.345982727034808,0.0455378173253075,0.291285003925674,0.297042658989793,0.0201517927244177
"203","E02000209","Croydon 016",0.566974991435423,0.00753682768071257,0.172661870503597,0.243576567317575,0.0092497430626927
"204","E02000210","Croydon 017",0.656185108276476,0.0180955206170276,0.11183625037081,0.204687036487689,0.00919608424799763
"205","E02000211","Croydon 018",0.847819457151571,0.00182982616651418,0.0609942055504727,0.0841720036596523,0.00518450747179018
"206","E02000212","Croydon 019",0.456163923412832,0.0214981525025193,0.24857238831038,0.264696002687269,0.00906953308700034
"207","E02000213","Croydon 020",0.280288461538462,0.0173076923076923,0.288701923076923,0.398076923076923,0.015625
"208","E02000214","Croydon 021",0.798793623438173,0.01723395088324,0.0555794915984489,0.12063765618268,0.00775527789745799
"209","E02000215","Croydon 022",0.42576637948307,0.0108194750550992,0.160288519334803,0.390302544580244,0.0128230815467842
"210","E02000216","Croydon 023",0.552509907529723,0.00132100396301189,0.11558784676354,0.318361955085865,0.01221928665786
"211","E02000217","Croydon 024",0.453077463140651,0.0241048443716359,0.223028317341446,0.289024104844372,0.0107652703018956
"212","E02000218","Croydon 025",0.581680033769523,0.00211059518784297,0.348670325031659,0.0586745462220346,0.00886449978894048
"213","E02000219","Croydon 026",0.887629209736579,0.00233411137045682,0.0280093364454818,0.0680226742247416,0.0140046682227409
"214","E02000220","Croydon 027",0.345780895399216,0.0371363730142356,0.15597276665979,0.448112234371776,0.0129977305549825
"215","E02000221","Croydon 028",0.48473874806001,0.0152612519399897,0.326952922917744,0.158303155716503,0.0147439213657527
"216","E02000222","Croydon 029",0.605255721955355,0.0158236790053687,0.0969200339078836,0.27352359423566,0.00847697089573326
"217","E02000223","Croydon 030",0.276869565217391,0.00208695652173913,0.665739130434783,0.0469565217391304,0.00834782608695652
"218","E02000224","Croydon 031",0.6186158960411,0.0126926563916591,0.0743427017225748,0.282260501662134,0.0120882441825325
"219","E02000225","Croydon 032",0.555391432791728,0.00849335302806499,0.37370753323486,0.0561299852289513,0.00627769571639586
"220","E02000226","Croydon 033",0.906652360515021,0.0025035765379113,0.0110872675250358,0.0718884120171674,0.00786838340486409
"221","E02000227","Croydon 034",0.746650175221604,0.00639043496186353,0.105132962275819,0.135229849515564,0.00659657802514945
"222","E02000228","Croydon 035",0.884746922024624,0.000683994528043776,0.0259917920656635,0.0796853625170999,0.00889192886456908
"223","E02000229","Croydon 036",0.404061334438458,0.00911728139245752,0.489432242022379,0.0874430169912971,0.00994612515540821
"224","E02000230","Croydon 037",0.708791208791209,0.0172327672327672,0.0691808191808192,0.194805194805195,0.00999000999000999
"225","E02000231","Croydon 038",0.878096736138419,0.000786472670074715,0.0157294534014943,0.0987023200943767,0.00668501769563508
"226","E02000232","Croydon 039",0.830895008605852,0.00258175559380379,0.104561101549053,0.0550774526678141,0.00688468158347676
"227","E02000233","Croydon 040",0.73525721455458,0.00418235048097031,0.139272271016311,0.113759933082392,0.00752823086574655
"228","E02000234","Croydon 041",0.688073394495413,0.0249920911104081,0.129073078139829,0.148054413160392,0.00980702309395761
"229","E02000235","Croydon 042",0.799554565701559,0.014105419450631,0.10467706013363,0.0753526354862658,0.00631031922791388
"230","E02000236","Croydon 043",0.87737843551797,0.00211416490486258,0.0500352360817477,0.0662438336856942,0.00422832980972516
"231","E02000237","Croydon 044",0.806148867313916,0,0.131391585760518,0.0524271844660194,0.0100323624595469
"232","E02000238","Ealing 001",0.627241270839887,0.0135262661214218,0.120163573450771,0.229631959735766,0.00943692985215477
"233","E02000239","Ealing 002",0.703830369357045,0.0106019151846785,0.0318057455540356,0.246580027359781,0.00718194254445964
"234","E02000240","Ealing 003",0.481962864721485,0.0236074270557029,0.323076923076923,0.158355437665783,0.0129973474801061
"235","E02000241","Ealing 004",0.666103127641589,0.00676246830092984,0.0655114116652578,0.247252747252747,0.0143702451394759
"236","E02000242","Ealing 005",0.637377963737796,0.00650860065086007,0.0474198047419805,0.298000929800093,0.0106927010692701
"237","E02000243","Ealing 006",0.545632333767927,0.0101043024771838,0.174054758800522,0.255215123859192,0.014993481095176
"238","E02000244","Ealing 007",0.63130173062453,0.0124153498871332,0.0707298720842739,0.268246802106847,0.017306245297216
"239","E02000245","Ealing 008",0.350155763239875,0.0255451713395639,0.407476635514019,0.202492211838006,0.0143302180685358
"240","E02000246","Ealing 009",0.47704330836861,0.00716379029632042,0.330511234125692,0.168674698795181,0.0166069684141973
"241","E02000247","Ealing 010",0.477762982689747,0.0330226364846871,0.242876165113182,0.235153129161118,0.011185086551265
"242","E02000248","Ealing 011",0.477946243969676,0.0296347346657478,0.0358373535492764,0.439696760854583,0.0168849069607167
"243","E02000249","Ealing 012",0.536692223439211,0.0299379335523914,0.159912376779847,0.256297918948521,0.0171595472800292
"244","E02000250","Ealing 013",0.725698543880362,0.0125934671389217,0.0409287682014955,0.212908303817395,0.00787091696182605
"245","E02000251","Ealing 014",0.701474201474201,0.00941850941850942,0.0503685503685504,0.225634725634726,0.0131040131040131
"246","E02000252","Ealing 015",0.32741458165187,0.0589184826472962,0.238902340597256,0.358084476728545,0.0166801183750336
"247","E02000253","Ealing 016",0.422809829059829,0.00827991452991453,0.41159188034188,0.139423076923077,0.0178952991452991
"248","E02000254","Ealing 017",0.688781664656212,0.00402090872537193,0.083232810615199,0.207880981101729,0.0160836349014877
"249","E02000255","Ealing 018",0.555770292655991,0.00579790171176146,0.202374378796245,0.223633351739371,0.0124240750966317
"250","E02000256","Ealing 019",0.469857218402961,0.0230037017451084,0.0922792173453199,0.401639344262295,0.0132205182443152
"251","E02000257","Ealing 020",0.417674101821897,0.00493785118338158,0.109994891878086,0.452579601566491,0.0148135535501447
"252","E02000258","Ealing 021",0.450864779874214,0.0110062893081761,0.161949685534591,0.36438679245283,0.0117924528301887
"253","E02000259","Ealing 022",0.640385457731056,0.00657030223390276,0.0884800700832238,0.255803766973281,0.00876040297853701
"254","E02000260","Ealing 023",0.568881685575365,0.010129659643436,0.160048622366289,0.240275526742301,0.0206645056726094
"255","E02000261","Ealing 024",0.379318734793187,0.0605839416058394,0.23625304136253,0.307785888077859,0.0160583941605839
"256","E02000262","Ealing 025",0.371254309201803,0.0140546274197826,0.250331477061787,0.351630867143994,0.0127287191726333
"257","E02000263","Ealing 026",0.568621236133122,0.01743264659271,0.151188589540412,0.239619651347068,0.0231378763866878
"258","E02000264","Ealing 027",0.483619344773791,0.0115444617784711,0.101092043681747,0.390327613104524,0.0134165366614665
"259","E02000265","Ealing 028",0.409521803244154,0.024225826838003,0.264377501579945,0.285654097324626,0.0162207710132715
"260","E02000266","Ealing 029",0.331985987604419,0.0412287793047696,0.465642683912692,0.143896523848019,0.0172460253300997
"261","E02000267","Ealing 030",0.559536354056902,0.0242360379346681,0.115208991921321,0.28907622058307,0.0119423955040393
"262","E02000268","Ealing 031",0.518043933054393,0.00915271966527197,0.168148535564854,0.289748953974895,0.0149058577405858
"263","E02000269","Ealing 032",0.635130970724191,0.00400616332819723,0.0517719568567026,0.294607087827427,0.0144838212634823
"264","E02000270","Ealing 033",0.245872110477334,0.0252176523566497,0.490243170219153,0.211047733413389,0.0276193335334734
"265","E02000271","Ealing 034",0.633925461511668,0.00835945663531871,0.0585161964472309,0.28735632183908,0.0118425635667015
"266","E02000272","Ealing 035",0.74020938348197,0.00697944939899186,0.0558355951919349,0.18844513377278,0.00853043815432338
"267","E02000274","Ealing 037",0.516446443632274,0.0165870115265673,0.136631993252741,0.309530503233062,0.0208040483553556
"268","E02000275","Ealing 038",0.511027686532145,0.00797747536367902,0.213514781792586,0.246363209760676,0.0211168465509151
"269","E02000276","Ealing 039",0.58162490508732,0.00341685649202733,0.107441154138193,0.296127562642369,0.0113895216400911
"270","E02000277","Enfield 001",0.670313089400226,0.016597510373444,0.113919275745002,0.187099207846096,0.012070916635232
"271","E02000278","Enfield 002",0.464307504575961,0.0173886516168395,0.334655277608298,0.169310555216595,0.0143380109823063
"272","E02000279","Enfield 003",0.46969696969697,0.0167584940312213,0.24058769513315,0.258953168044077,0.0140036730945822
"273","E02000280","Enfield 004",0.653779572994807,0.0115406809001731,0.198499711482977,0.121465666474322,0.0147143681477207
"274","E02000281","Enfield 005",0.557632398753894,0.00736335315774568,0.201925800056641,0.218351741716228,0.0147267063154914
"275","E02000282","Enfield 006",0.388713835577199,0.00830707533657978,0.346032655399599,0.240618733887138,0.0163276997994844
"276","E02000283","Enfield 007",0.627506155469574,0.00597959901512487,0.174463594794231,0.178684488216673,0.0133661625043968
"277","E02000284","Enfield 008",0.672576494137832,0.010008578781813,0.104375178724621,0.201315413211324,0.0117243351444095
"278","E02000285","Enfield 009",0.862124898621249,0.0040551500405515,0.0352798053527981,0.0871857258718573,0.0113544201135442
"279","E02000286","Enfield 010",0.700750711881957,0.00336526016049702,0.0455604452498058,0.239710069893865,0.0106135128138752
"280","E02000287","Enfield 011",0.74251968503937,0.00275590551181102,0.097244094488189,0.142125984251969,0.0153543307086614
"281","E02000288","Enfield 012",0.502642706131078,0.0235200845665962,0.213002114164905,0.244450317124736,0.016384778012685
"282","E02000289","Enfield 013",0.851301115241636,0.00495662949194548,0.0640231309376291,0.0698058653448988,0.00991325898389095
"283","E02000290","Enfield 014",0.335085874518051,0.0115667718191377,0.393971258324571,0.247108307045216,0.0122677882930249
"284","E02000291","Enfield 015",0.552276138069035,0.00350175087543772,0.157828914457229,0.276888444222111,0.00950475237618809
"285","E02000292","Enfield 016",0.722470653996646,0.00363331470095025,0.0818893236444941,0.184460592509782,0.00754611514812745
"286","E02000293","Enfield 017",0.837651821862348,0.00121457489878543,0.0267206477732794,0.121457489878543,0.0129554655870445
"287","E02000294","Enfield 018",0.606513791957461,0.00498504486540379,0.171817879694251,0.199069458291791,0.0176138251910934
"288","E02000295","Enfield 019",0.680908276068121,0.0158350761876307,0.0935165820137436,0.200478040035853,0.00926202569465193
"289","E02000296","Enfield 020",0.527023598071555,0.00608982491753362,0.113422989089064,0.339253996447602,0.0142095914742451
"290","E02000297","Enfield 021",0.853245261344055,0.00201033888569787,0.0212521539345204,0.114302125215393,0.00919012062033314
"291","E02000298","Enfield 022",0.775609756097561,0.0016260162601626,0.039349593495935,0.172357723577236,0.0110569105691057
"292","E02000299","Enfield 023",0.502326934264107,0.0218150087260035,0.18499127399651,0.275450843513671,0.0154159394997091
"293","E02000300","Enfield 024",0.545363575717145,0.00466977985323549,0.121414276184123,0.310873915943963,0.0176784523015344
"294","E02000301","Enfield 025",0.381340810604129,0.0135100688248789,0.336222278868213,0.25210298241142,0.0168238592913587
"295","E02000302","Enfield 026",0.686839577329491,0.00384245917387128,0.128402177393532,0.165866154338777,0.0150496317643292
"296","E02000303","Enfield 027",0.38525641025641,0.00448717948717949,0.341666666666667,0.249679487179487,0.0189102564102564
"297","E02000304","Enfield 028",0.778677462887989,0.00809716599190283,0.0273279352226721,0.176450742240216,0.00944669365721997
"298","E02000305","Enfield 029",0.619649525998276,0.00316001149095088,0.0476874461361678,0.314852054007469,0.0146509623671359
"299","E02000306","Enfield 030",0.209237618252643,0.0361713967723984,0.550639955481358,0.185587089593767,0.0183639398998331
"300","E02000307","Enfield 031",0.665380047505938,0.00415676959619952,0.0864014251781473,0.227434679334917,0.0166270783847981
"301","E02000308","Enfield 032",0.541953232462173,0.00240715268225585,0.187757909215956,0.253782668500688,0.0140990371389271
"302","E02000309","Enfield 033",0.44782034346103,0.0108322324966975,0.223778071334214,0.295376486129458,0.0221928665785997
"303","E02000311","Enfield 035",0.584792122538293,0.00902625820568928,0.163019693654267,0.231400437636761,0.0117614879649891
"304","E02000312","Enfield 036",0.529563585171281,0.00750821210699202,0.0800093852651337,0.365086813702487,0.0178320037541061
"305","E02000313","Greenwich 001",0.226796116504854,0.0151456310679612,0.629514563106796,0.121941747572816,0.00660194174757282
"306","E02000314","Greenwich 002",0.385440438156093,0.0429027841168416,0.233911455956184,0.330214513920584,0.00753080785029667
"307","E02000315","Greenwich 003",0.375290697674419,0.00581395348837209,0.466279069767442,0.14156976744186,0.011046511627907
"308","E02000316","Greenwich 004",0.184668284789644,0.0675566343042071,0.407160194174757,0.329692556634304,0.0109223300970874
"309","E02000317","Greenwich 005",0.198125,0.0103125,0.6446875,0.1325,0.014375
"310","E02000318","Greenwich 006",0.435577215961011,0.00639658848614072,0.256777337800792,0.289674078586659,0.0115747791653975
"311","E02000319","Greenwich 007",0.354371443352302,0.0274185204345577,0.312984997413347,0.295395757889291,0.00982928091050181
"312","E02000320","Greenwich 008",0.537242472266244,0.00515055467511886,0.284072900158479,0.166006339144216,0.00752773375594295
"313","E02000321","Greenwich 009",0.236009732360097,0.0156412930135558,0.549530761209593,0.181438998957247,0.0173792144595064
"314","E02000323","Greenwich 011",0.240189952511872,0.0269932516870782,0.493876530867283,0.227943014246438,0.0109972506873282
"315","E02000324","Greenwich 012",0.323833273957962,0.00285001781261133,0.528322052012825,0.13323833273958,0.0117563234770217
"316","E02000326","Greenwich 014",0.505798090040928,0.00443383356070941,0.299454297407913,0.183492496589359,0.00682128240109141
"317","E02000327","Greenwich 015",0.183708103521426,0.0148493848112007,0.511667373780229,0.279592702588036,0.010182435299109
"318","E02000328","Greenwich 016",0.468078175895765,0.0221498371335505,0.28957654723127,0.213680781758958,0.00651465798045603
"319","E02000329","Greenwich 017",0.610406091370558,0.00803722504230118,0.230541455160745,0.139593908629442,0.0114213197969543
"320","E02000331","Greenwich 019",0.432941903584672,0.00988875154511743,0.352904820766378,0.194684796044499,0.00957972805933251
"321","E02000332","Greenwich 020",0.670047329276538,0.00709939148073022,0.167342799188641,0.147058823529412,0.00845165652467884
