"","MSOA11CD","MSOA11NM","E.WH","E.MIX","E.IN","E.PA","E.BA","E.CH","E.O.A","E.AF","E.CAR","E.O.B","E.O"
"1","E02000001","City of London 001",0.786305084745763,0.0391864406779661,0.0292881355932203,0.00216949152542373,0.0314576271186441,0.0356610169491525,0.0288813559322034,0.0132881355932203,0.00623728813559322,0.00664406779661017,0.0208813559322034
"2","E02000002","Barking and Dagenham 001",0.649889298892989,0.0487084870848708,0.0398523985239852,0.0262730627306273,0.0216974169741697,0.00649446494464945,0.0267158671586716,0.104649446494465,0.0445756457564576,0.0180073800738007,0.0131365313653137
"3","E02000003","Barking and Dagenham 002",0.546142359382778,0.0431060228969637,0.0808362369337979,0.0559482329517173,0.0486809357889497,0.00756595321055251,0.0343454454952713,0.0931806869089099,0.0515679442508711,0.0163265306122449,0.0222996515679443
"4","E02000004","Barking and Dagenham 003",0.809770300873504,0.0300873503720479,0.00760271756713038,0.00663215787770948,0.00970559689420899,0.00614687803299903,0.0205435134260757,0.0750566159818829,0.0228081527013911,0.00711743772241993,0.00452927855063086
"5","E02000005","Barking and Dagenham 004",0.662695631861715,0.0365568792338239,0.0351553375379584,0.0279140387759869,0.0308339173090399,0.00478860079420696,0.0239430039710348,0.118780658724597,0.0348049521139921,0.0151833683718757,0.00934361130576968
"6","E02000007","Barking and Dagenham 006",0.671823455807075,0.0349220793993857,0.00807644181549312,0.011147764759413,0.0156978728244796,0.00489136616994654,0.0200204754862928,0.191332044136048,0.0192242065749062,0.0166078944374929,0.0062563985894665
"7","E02000008","Barking and Dagenham 007",0.696430114962399,0.0413173135102429,0.0163367620364768,0.0183248336070533,0.0173740167689515,0.00492695997925491,0.019362088339528,0.132163540496154,0.0241161725300372,0.0174604546633244,0.0121877431065779
"8","E02000009","Barking and Dagenham 008",0.611792733770101,0.0435973793924955,0.031328171530673,0.0433591423466349,0.0279928528886242,0.00774270399047052,0.0349017272185825,0.141155449672424,0.0325193567599762,0.0146515783204288,0.010958904109589
"9","E02000010","Barking and Dagenham 009",0.692048752176436,0.032501450957632,0.0107951247823564,0.00928612884503772,0.0247243180499129,0.00650029019152641,0.0227510156703424,0.157515960533952,0.0212420197330238,0.0117237376668601,0.0109112013929193
"10","E02000011","Barking and Dagenham 010",0.663649587845482,0.0326491029578148,0.0271537093906578,0.0101826410214967,0.0371747211895911,0.00775820268304509,0.027961855503475,0.150961693874252,0.0198803943753031,0.0143850008081461,0.00824309035073541
"11","E02000012","Barking and Dagenham 011",0.438915857605178,0.0431836569579288,0.0844457928802589,0.093042071197411,0.178094660194175,0.00940533980582524,0.0335760517799353,0.0621966019417476,0.0272046925566343,0.0085962783171521,0.021338996763754
"12","E02000013","Barking and Dagenham 012",0.689121637705308,0.0445132111402047,0.0167817186384194,0.0146393715781957,0.0191621042608903,0.00535586765055939,0.0222566055701024,0.146631754344204,0.0166626993572959,0.014282313734825,0.0105927160199952
"13","E02000014","Barking and Dagenham 013",0.704850031908105,0.0385024462880238,0.0103169538396086,0.0093597106998511,0.0232929164007658,0.00797702616464582,0.0160604126781536,0.149861731546479,0.0157413316315678,0.00989151244416082,0.0141459263986386
"14","E02000015","Barking and Dagenham 014",0.632817664947772,0.0453523733968002,0.0132222662964432,0.0070078011371149,0.0141478249371942,0.00634668782229274,0.0159989422186963,0.212217374057914,0.0211556260743091,0.019568954118736,0.0121644849927278
"15","E02000016","Barking and Dagenham 015",0.295857217300677,0.0569306930693069,0.120505471599792,0.108259510161542,0.060578426263679,0.0145909327774883,0.0446847316310578,0.208702449192288,0.0329598749348619,0.0284002084418968,0.0285304846274101
"16","E02000017","Barking and Dagenham 016",0.312661802777124,0.0351847493527889,0.127324076253236,0.223228995057661,0.0847258178394917,0.00753118380795481,0.0607201694516357,0.0827253471405036,0.0305954342198164,0.0121204989409273,0.0231819251588609
"17","E02000018","Barking and Dagenham 017",0.641394825646794,0.046681664791901,0.015748031496063,0.02429696287964,0.0329583802024747,0.0062992125984252,0.0177727784026997,0.156692913385827,0.0240719910011249,0.01822272215973,0.0158605174353206
"18","E02000019","Barking and Dagenham 018",0.638835186080232,0.0391493475108748,0.0184871918801353,0.0182455292411793,0.0270662155630739,0.00724987916868052,0.0193330111164814,0.180884485258579,0.0239246012566457,0.0158289028516191,0.0109956500724988
"19","E02000020","Barking and Dagenham 019",0.463561880120742,0.0447391116860716,0.0603708495040966,0.0658689090125054,0.0641440275981026,0.00927123760241483,0.0501293661060802,0.167744717550668,0.0316946959896507,0.0176800344976283,0.0247951703320397
"20","E02000021","Barking and Dagenham 020",0.575404858299595,0.0407388663967611,0.0311234817813765,0.0149291497975709,0.0239119433198381,0.00392206477732793,0.0168269230769231,0.214827935222672,0.0373228744939271,0.0285931174089069,0.0123987854251012
"21","E02000022","Barking and Dagenham 021",0.382249060043295,0.0566252705935969,0.0355474535718355,0.055258060840834,0.0371425316167255,0.013672097527629,0.0268884584710038,0.29987467243933,0.0242679731115415,0.0346359804033269,0.0338384413808819
"22","E02000023","Barking and Dagenham 022",0.451712434433817,0.0506016661524221,0.0192841715519901,0.0228324591175563,0.0516815797593335,0.00339401419315026,0.0236038259796359,0.293736501079914,0.0300833076211046,0.0367170626349892,0.0163529774760876
"23","E02000024","Barnet 001",0.833989759747932,0.037810161480898,0.0375147695943285,0.00502166207168176,0.00403702244978338,0.0128987790468688,0.0278653012997243,0.0144742024419063,0.00610476565576999,0.00324931075226467,0.0170342654588421
"24","E02000025","Barnet 002",0.787330316742081,0.0461287078934138,0.037833081950729,0.0065359477124183,0.00439919557566616,0.0157114127702363,0.02526395173454,0.0296631473102061,0.0120663650075415,0.00477626948215184,0.0302916038210156
"25","E02000026","Barnet 003",0.785838745445905,0.0386504039284017,0.0475209884365595,0.00538571202281007,0.00396008236971329,0.0121970536987169,0.0415016632345953,0.0256613337557421,0.00744495485506098,0.00475209884365595,0.0270869634088389
"26","E02000027","Barnet 004",0.696707647426547,0.0545947072306731,0.0421962908939362,0.00760575119816628,0.00687643259012294,0.0166701396124193,0.0503229839549906,0.0668889351948323,0.0159408210043759,0.0115649093561159,0.0306313815378204
"27","E02000028","Barnet 005",0.748621472591631,0.045896853713915,0.061790463833928,0.0113525786571521,0.00373013298734998,0.0171910476808304,0.0377878689588064,0.0303276029841064,0.00989296140123256,0.00794680506000649,0.0254622121310412
"28","E02000029","Barnet 006",0.749794528589879,0.0581190560056358,0.0433251144769285,0.00692732182693437,0.0017611835153223,0.0157332394035458,0.0385112128683809,0.0340495479628977,0.0111541622637079,0.0135024069508043,0.0271222261359634
"29","E02000030","Barnet 007",0.750273822562979,0.0370208105147864,0.0599123767798467,0.0130339539978094,0.00208105147864184,0.0203723986856517,0.0491785323110624,0.0274917853231106,0.00799561883899233,0.00438116100766703,0.0282584884994524
"30","E02000031","Barnet 008",0.715793803125857,0.0425006854949273,0.0712914724431039,0.0072662462297779,0.00493556347683027,0.0212503427474637,0.054565396216068,0.0349602412942144,0.00932273101179051,0.00329037565122018,0.0348231423087469
"31","E02000032","Barnet 009",0.677103220058547,0.0441644393534428,0.0938017054855543,0.0155275550464554,0.0104365533918799,0.0212549319078529,0.0529464172075856,0.0162912052946417,0.0148911798396334,0.00407280132366043,0.0495099910907471
"32","E02000033","Barnet 010",0.690172191636406,0.0595056811526297,0.0702823005739721,0.00948811057748624,0.00726250439264379,0.0112451680918355,0.0520089024247394,0.0365467962984655,0.0166334778025067,0.00972238491273281,0.0371324821365819
"33","E02000034","Barnet 011",0.707216737188528,0.0492477668077104,0.0721673718852844,0.00869769628584861,0.00846262341325811,0.0170427832628115,0.0471321109543959,0.039257169722614,0.00834508697696286,0.0079924776680771,0.0344381758345087
"34","E02000035","Barnet 012",0.639296924042687,0.0451977401129944,0.100564971751412,0.0100439422473321,0.00539861895794099,0.0301318267419962,0.072316384180791,0.0293785310734463,0.00765850596359071,0.00564971751412429,0.0543628374136849
"35","E02000036","Barnet 013",0.579633249557852,0.0441217537000838,0.103323094107791,0.0197337801359024,0.00614353532532812,0.0269012380154519,0.0594805920134041,0.0915014427999628,0.019826864004468,0.0117285674392628,0.0376058829004933
"36","E02000037","Barnet 014",0.634945077507443,0.0370598501180577,0.135099065804332,0.0143722410430141,0.00390103685453239,0.0129350169387127,0.0453752181500873,0.0621086130787393,0.0102658864592958,0.0067754850631352,0.0371625089826507
"37","E02000038","Barnet 015",0.654650941601674,0.0538329845919726,0.0972988396423816,0.0102720182613658,0.0069431234544417,0.0194978124405554,0.0436560776108046,0.0473654175385201,0.0172151417158075,0.0139813581890812,0.0352862849533955
"38","E02000039","Barnet 016",0.701423220973783,0.041498127340824,0.0620224719101124,0.0193258426966292,0.00554307116104869,0.0238202247191011,0.049438202247191,0.0512359550561798,0.00749063670411985,0.00614232209737828,0.032059925093633
"39","E02000040","Barnet 017",0.62303737668473,0.058913436153953,0.0587744893705711,0.019591496456857,0.00514103098513269,0.019591496456857,0.0705849659580381,0.0693344449076004,0.01556203973878,0.0130609976379047,0.0464082256495762
"40","E02000041","Barnet 018",0.571898762909999,0.0408580183861083,0.114175462490069,0.0224719101123595,0.00749063670411985,0.0238338440585632,0.076608784473953,0.0682101918056974,0.0135058449665191,0.0119169220292816,0.0490296220633299
"41","E02000042","Barnet 019",0.579659742456998,0.0497227183005922,0.145972365823856,0.0203026600244384,0.00704953473070777,0.020208666228029,0.0708713224927155,0.0325218535576652,0.0124071811260457,0.00789547889839271,0.0533884763605602
"42","E02000043","Barnet 020",0.603950103950104,0.0414501039501039,0.12720893970894,0.0161122661122661,0.00311850311850312,0.0359927234927235,0.104599792099792,0.01754158004158,0.00467775467775468,0.0038981288981289,0.0414501039501039
"43","E02000044","Barnet 021",0.561020939164911,0.0535249659273944,0.0674018089456077,0.0163548507000372,0.00867302688638335,0.0158592491636724,0.0873497707842894,0.102713418411597,0.0249039772023293,0.0224259695205055,0.0397720232932722
"44","E02000045","Barnet 022",0.645403926931718,0.0731659665917749,0.0662303409201915,0.00771710462049429,0.00693562567158347,0.0175832763504933,0.0466933671974211,0.0554850053726678,0.0171925368760379,0.0159226335840578,0.0476702158835596
"45","E02000046","Barnet 023",0.627778564349427,0.0542262494690641,0.111850488460994,0.0114682146396715,0.00750389352966162,0.0325640662607957,0.0707914483930341,0.0259096701118505,0.00764547642644769,0.00637123035537307,0.0438906980036812
"46","E02000047","Barnet 024",0.460564494856238,0.0536358040974237,0.0859931416512793,0.0218060318297723,0.0128374219643014,0.0370174975819924,0.122043436208564,0.114921304844808,0.0217181042820716,0.0204871186142618,0.0489756440692869
"47","E02000048","Barnet 025",0.638891718447591,0.046144443312621,0.075888764388306,0.0194560456351227,0.00366710807782418,0.0233268819394927,0.07110115106448,0.0452276662931649,0.0101864113272894,0.00702862381582968,0.0590811856982785
"48","E02000049","Barnet 026",0.384570151711161,0.0769140303422322,0.0438668705162884,0.0155239327296248,0.0074091497118664,0.0322239209690697,0.0783252969540162,0.232976596495355,0.0277549100317535,0.0355168763965659,0.0649182641420675
"49","E02000050","Barnet 027",0.62370826709062,0.0588235294117647,0.112678855325914,0.0111287758346582,0.00924085850556439,0.0127186009538951,0.0421303656597774,0.0626987281399046,0.0144077901430843,0.0142090620031797,0.0382551669316375
"50","E02000051","Barnet 028",0.656990863883428,0.04440846536371,0.0791025789291084,0.0128368220191974,0.00566670521568174,0.0198912917774951,0.064993639412513,0.0405921128715161,0.00740141089395166,0.00451023476350179,0.0636058748698971
"51","E02000052","Barnet 029",0.734481336358012,0.0532068467725304,0.0498040833161477,0.00917714992782017,0.00587750051557022,0.0149515363992576,0.0360899154464838,0.0445452670653743,0.0100020622808827,0.00721798308929676,0.0346463188286245
"52","E02000053","Barnet 030",0.409681499367598,0.0507071403932391,0.114062320340347,0.0482925146602277,0.00471426928826032,0.0655398413245947,0.127975163849603,0.0910658847878579,0.0169023801310797,0.018282166264229,0.0527768195929631
"53","E02000054","Barnet 031",0.540383014154871,0.0492645018040522,0.0976963641409936,0.0208159866777685,0.0080488481820705,0.053150152650569,0.0720233139050791,0.0752150985290036,0.0108243130724396,0.0051346100471829,0.06744379683597
"54","E02000055","Barnet 032",0.618778077268643,0.0407906558849955,0.0830188679245283,0.0133872416891285,0.00512129380053908,0.0435759209344115,0.0638814016172507,0.0545372866127583,0.0091644204851752,0.00592991913746631,0.0618149146451033
"55","E02000056","Barnet 033",0.796786799826314,0.0322405557967868,0.0367998263135041,0.00987841945288754,0.00195397307859314,0.0103126356925749,0.039622231871472,0.0144376899696049,0.00401650021710812,0.00325662179765523,0.0506947459834998
"56","E02000057","Barnet 034",0.704168893639765,0.0324692677712453,0.061865312667023,0.0125601282736505,0.00347407803313736,0.0217797969000534,0.046098343132015,0.0336718332442544,0.00454302512025655,0.00547835382148584,0.0738909673971138
"57","E02000058","Barnet 035",0.767808219178082,0.0395303326810176,0.0363013698630137,0.011545988258317,0.00313111545988258,0.012720156555773,0.0441291585127202,0.024853228962818,0.0050880626223092,0.00313111545988258,0.051761252446184
"58","E02000059","Barnet 036",0.422028874653409,0.0499091691366287,0.17267425184052,0.0383401854861841,0.01013481212353,0.0331771679892915,0.108136533129362,0.0757242566210919,0.0220862415144851,0.0142461038340185,0.0535424036714791
"59","E02000060","Barnet 037",0.726098901098901,0.0271978021978022,0.056959706959707,0.00924908424908425,0.00421245421245421,0.0179487179487179,0.0407509157509158,0.0271978021978022,0.00274725274725275,0.00412087912087912,0.0835164835164835
"60","E02000061","Barnet 038",0.662922750530388,0.0499188818170473,0.0525396231124423,0.0148508673405716,0.00399351054536378,0.0282041682266317,0.0848620990889804,0.0239610632721827,0.00524148259078997,0.00311993011356546,0.0703856233620367
"61","E02000062","Barnet 039",0.493690851735016,0.0563091482649842,0.082018927444795,0.0266561514195584,0.00914826498422713,0.0227129337539432,0.0837539432176656,0.102208201892744,0.0261829652996845,0.0255520504731861,0.0717665615141956
"62","E02000063","Barnet 040",0.522737053507388,0.0553722564911777,0.0537942906326209,0.0209439104863004,0.0116195667766461,0.0251040022952231,0.0804762587864008,0.077463778510974,0.0154927557021948,0.0185052359776216,0.118490890833453
"63","E02000064","Barnet 041",0.608514724711908,0.0561779769526248,0.0310499359795134,0.0120038412291933,0.0139244558258643,0.015044814340589,0.0753841229193342,0.0688220230473752,0.0211267605633803,0.014404609475032,0.0835467349551857
"64","E02000065","Bexley 001",0.433081137490217,0.0468301591442734,0.0189146882337595,0.00547873728150274,0.00508739890425254,0.0172188885990086,0.0228280720062614,0.38064179493869,0.0294808244195147,0.0273936864075137,0.0130446125750065
"65","E02000066","Bexley 002",0.529094492272586,0.0339176433979878,0.0282128409915984,0.00518618400580853,0.00290426304325277,0.034643709158801,0.0354734985997303,0.269681568302043,0.0299761435535733,0.018255367700446,0.0126542889741728
"66","E02000067","Bexley 003",0.695771428571429,0.0357714285714286,0.0542857142857143,0.00365714285714286,0.0024,0.00822857142857143,0.0221714285714286,0.137485714285714,0.0149714285714286,0.0115428571428571,0.0137142857142857
"67","E02000068","Bexley 004",0.653086085544126,0.0370871683811586,0.0568489442338928,0.0041959935029778,0.00175961017866811,0.00541418516513265,0.0192203573362209,0.170682187330807,0.026123443421765,0.0135354629128316,0.0120465619924201
"68","E02000069","Bexley 005",0.743622860833064,0.0274459154020019,0.061511139812722,0.00871811430416532,0.00161446561188247,0.011785598966742,0.0164675492412012,0.096222150468195,0.0158217629964482,0.0096867936712948,0.00710364869228285
"69","E02000070","Bexley 006",0.823873015873016,0.0200634920634921,0.0514285714285714,0.00304761904761905,0.00215873015873016,0.00393650793650794,0.0210793650793651,0.0513015873015873,0.010031746031746,0.00507936507936508,0.008
"70","E02000071","Bexley 007",0.848904109589041,0.0242465753424658,0.04,0.000821917808219178,0.00410958904109589,0.00794520547945205,0.0164383561643836,0.0442465753424658,0.00643835616438356,0.00287671232876712,0.00397260273972603
"71","E02000072","Bexley 008",0.712544741776035,0.0333219703425942,0.0131242543037327,0.00238622805522413,0.00127833645815579,0.00792568604056588,0.012442474859383,0.178029657405829,0.0174705982614624,0.011845917845577,0.00963013465144026
"72","E02000073","Bexley 009",0.838026855650877,0.0170645281611339,0.0502610966057441,0.00494218575158523,0.00195822454308094,0.0105371130175308,0.02088772845953,0.0331033196568445,0.010070869078702,0.00354345393509884,0.00960462513987318
"73","E02000074","Bexley 010",0.821423905943828,0.0195950359242325,0.0244284781188766,0.00365774003919007,0.0023514043109079,0.00600914435009798,0.0113651208360549,0.0900065316786414,0.00940561724363161,0.00770738079686479,0.00404964075767472
"74","E02000075","Bexley 011",0.884373427277303,0.0162304982385506,0.0358580775037745,0.00264217413185707,0.00188726723704077,0.00817815802717665,0.0176144942123805,0.0217664821338702,0.00541016607951686,0.00201308505284348,0.00402617010568697
"75","E02000077","Bexley 013",0.828710213473092,0.0177681196471942,0.0447398696152371,0.00549661255272913,0.00345136137031829,0.0127828198900677,0.0305509395372619,0.0363032084877924,0.0090758021219481,0.00140611018790745,0.00971494311645149
"76","E02000078","Bexley 014",0.906327462491846,0.017351598173516,0.0123939986953686,0.000521852576647097,0.00104370515329419,0.00417482061317678,0.0106979778212655,0.0326157860404436,0.00652315720808871,0.00208741030658839,0.00626223091976517
"77","E02000079","Bexley 015",0.865861411315957,0.0228862047043865,0.0333121424030515,0.0013986013986014,0.00661157024793388,0.0166560712015257,0.0180546726001271,0.0179275270184361,0.00661157024793388,0.00254291163382072,0.00813731722822632
"78","E02000080","Bexley 016",0.814952279957582,0.0221633085896076,0.0457051961823966,0.00233297985153765,0.0056203605514316,0.0171792152704136,0.0306468716861082,0.0362672322375398,0.00731707317073171,0.00477200424178155,0.0130434782608696
"79","E02000081","Bexley 017",0.8955144416345,0.0171702382536936,0.0238253693597764,0.00173033408758153,0.00399307866364967,0.0106482097697325,0.012378543857314,0.0228936510049248,0.00399307866364967,0.00306136030879808,0.00479169439637961
"80","E02000082","Bexley 018",0.87415502478594,0.0136322667868409,0.0254619197836863,0.00236593059936909,0.00574583145561064,0.0122803064443443,0.0212933753943218,0.0233213159080667,0.00968904912122578,0.00371789094186571,0.00833708877872916
"81","E02000083","Bexley 019",0.878825094667895,0.0196499846484495,0.0153515505066012,0.00163749872070412,0.00562890185242043,0.00614062020264047,0.0149421758264251,0.0477944939105516,0.00440077781189233,0.00153515505066012,0.00409374680176031
"82","E02000084","Bexley 020",0.87097077342355,0.0204867963537262,0.0351470726435485,0.00263133164176299,0.00272530777182596,0.0112771356075557,0.0199229395733484,0.0230241518654262,0.00526266328352598,0.0023494032515741,0.00620242458415562
"83","E02000085","Bexley 021",0.900164702901305,0.0236918788800203,0.0115292030913468,0.00316736348663373,0.00392753072342582,0.00760167236792094,0.0164702901304954,0.0190041809198024,0.00633472697326745,0.00177372355251489,0.00633472697326745
"84","E02000086","Bexley 022",0.925627729257642,0.0167849344978166,0.0197871179039301,0.00027292576419214,0.00204694323144105,0.00900655021834061,0.0107805676855895,0.00764192139737991,0.00450327510917031,0.00027292576419214,0.00327510917030568
"85","E02000087","Bexley 023",0.896688217442934,0.020847077450851,0.032590051457976,0.00224303997888904,0.00158332233803932,0.0104235387254255,0.0142499010423539,0.0127985222324845,0.00448607995777807,0.000923604697189603,0.00316664467607864
"86","E02000088","Bexley 024",0.918056094093318,0.0138296497350394,0.0217138425746413,0.00465296626599457,0.00219723407005299,0.00891818534315626,0.00891818534315626,0.00878893628021197,0.00439446814010598,0.00116324156649864,0.00736719658782474
"87","E02000089","Bexley 025",0.923936785301298,0.016189130155467,0.0136194269561866,0.00231273287935243,0.00141333675960427,0.00591031735834511,0.00989335731722986,0.0125915456764744,0.00668122831812926,0.00218424771938841,0.00526789155852499
"88","E02000090","Bexley 026",0.905569562227825,0.0206280082512033,0.0176484070593628,0.00137520055008022,0.00492780197112079,0.0110016044006418,0.012720605088242,0.012262204904882,0.00584460233784093,0.00160440064176026,0.00641760256704103
"89","E02000091","Bexley 027",0.894649865730221,0.0219995868622186,0.0187977690559802,0.00609378227638918,0.00650692005783929,0.0104317289816154,0.0133236934517662,0.0168353645940921,0.00568064449493906,0.00134269778971287,0.00433794670522619
"90","E02000092","Bexley 028",0.874105197634609,0.0292561469032057,0.0122938064114535,0.00342359165888578,0.00482415188297541,0.00809212573918456,0.0133831310301899,0.0328353563647681,0.00964830376595082,0.00466853408029879,0.00746965452847806
"91","E02000093","Brent 001",0.279426628686943,0.0310576127905908,0.381604337039419,0.0388679592024258,0.0079022328402095,0.0134154185426812,0.113295966185794,0.0473215106128825,0.0346411834971975,0.0138748506845539,0.0385922999173022
"92","E02000094","Brent 002",0.374685570546536,0.042533729705008,0.184770180654013,0.0666590441344615,0.0090327006631603,0.0196661330894123,0.108278069974846,0.0671163960667734,0.042648067688086,0.0246970043448434,0.0599131031328607
"93","E02000095","Brent 003",0.278298558613043,0.0312468501159157,0.396230218727951,0.0489869972785002,0.00564459227900413,0.00695494405805866,0.0957564761616772,0.0342707388368108,0.0297349057554682,0.0121963511742768,0.0606793669992944
"94","E02000096","Brent 004",0.32284811792577,0.0250065806791261,0.438404843379837,0.0372466438536457,0.00473808897078178,0.012503290339563,0.0822584890760727,0.0151355619899974,0.0198736509607792,0.0064490655435641,0.0355356672808634
"95","E02000097","Brent 005",0.361241348515294,0.0361687876758205,0.229515516856441,0.0581603036392052,0.00613976334003126,0.00960035722259433,0.111743692788569,0.0421969189551239,0.0558160303639205,0.0181960258986381,0.0712212547443626
"96","E02000098","Brent 006",0.327920443101712,0.0443101711983887,0.234390735146022,0.0493454179254783,0.00755287009063444,0.0178751258811682,0.102467270896274,0.0521148036253776,0.0579053373615307,0.017245720040282,0.0888721047331319
"97","E02000099","Brent 007",0.299988514987941,0.044906397151717,0.263466176639485,0.0498449523372,0.00780980820029861,0.015389916159412,0.121281727345814,0.0631675663259446,0.0550132077638682,0.0214769725508212,0.0576547605374986
"98","E02000100","Brent 008",0.315808297567954,0.0293276108726753,0.309370529327611,0.0701001430615164,0.00226514067715784,0.0169289461134955,0.127205531711969,0.0265855984740105,0.0460181211254173,0.0104911778731521,0.0458989031950405
"99","E02000101","Brent 009",0.303364766395199,0.0473639091298757,0.18056150878697,0.0468281183026147,0.00664380625803686,0.013930561508787,0.0775825117873982,0.0968709815687955,0.0815473639091299,0.0468281183026147,0.0984783540505787
"100","E02000102","Brent 010",0.316681648902016,0.0444330294079877,0.158982920251702,0.086939771413895,0.00565044304610248,0.00410941312443817,0.0797482984461282,0.103634262231925,0.0852703223320919,0.0453319635289585,0.0692179273147554
"101","E02000103","Brent 011",0.422446406052963,0.0542244640605296,0.0562879743207612,0.0667201650808208,0.0072222859108105,0.00699300699300699,0.0948068325117505,0.102258397340365,0.0705032672245787,0.0381749398142841,0.0803622606901295
"102","E02000104","Brent 012",0.298950790601448,0.043593911629969,0.263927885325846,0.0625092359982267,0.00576326289345352,0.0143342692478203,0.113196394266292,0.0458105512043742,0.0573370769912812,0.0295551943254027,0.0650214275158859
"103","E02000105","Brent 013",0.242447294066507,0.0393392740708542,0.287220169528363,0.0646598565529233,0.00423820908498153,0.00978048250380352,0.171375787872202,0.0450988915453162,0.0702021299717453,0.0240165181482286,0.041621386655075
"104","E02000106","Brent 014",0.376333561710874,0.0493295487912303,0.110697856513654,0.0601937946559655,0.00636194577664677,0.00861309582069101,0.0920035235391994,0.099344230204561,0.073896447097974,0.0461975139473427,0.0770284819418616
"105","E02000107","Brent 015",0.534698840254396,0.055181444070333,0.0472315750093528,0.0590160867938646,0.005331088664422,0.0101010101010101,0.0846427235316124,0.0582678638234194,0.042368125701459,0.0275907220351665,0.0755705200149645
"106","E02000108","Brent 016",0.262150668286756,0.0384264884568651,0.273390036452005,0.0653098420413123,0.0051640340218712,0.00440461725394897,0.164034021871203,0.0487545565006075,0.0707776427703524,0.0300729040097205,0.0375151883353584
"107","E02000109","Brent 017",0.237327656123277,0.0416666666666667,0.265308191403082,0.0662003244120032,0.00851581508515815,0.0129764801297648,0.0954987834549878,0.069647201946472,0.116788321167883,0.0339618815896188,0.0521086780210868
"108","E02000110","Brent 018",0.530728329417584,0.058612588104365,0.0781501174724867,0.0561394831210585,0.00680103870409299,0.0181773216273031,0.0469889946828243,0.0541609991344133,0.0544083096327439,0.0312847780388277,0.0645480400643007
"109","E02000111","Brent 019",0.162134532815375,0.0277039460233081,0.454099366182785,0.0610304641177673,0.00695154365160499,0.00337354324269066,0.136577387037416,0.0438560621549785,0.0573502351257412,0.0187078307094664,0.0282150889388673
"110","E02000112","Brent 020",0.210665818490246,0.0388040712468193,0.340436810856658,0.0606446140797286,0.00826972010178117,0.0109202714164546,0.114079728583545,0.0584181509754029,0.0947837150127226,0.0248091603053435,0.0381679389312977
"111","E02000113","Brent 021",0.247436561367167,0.0652511651993786,0.0742620403935785,0.0359399274987053,0.0104609010875194,0.00383221128948731,0.061729673744174,0.19854997410668,0.152356292076644,0.0908337648886587,0.0593474883480062
"112","E02000114","Brent 022",0.525638179800222,0.0663706992230855,0.069700332963374,0.0506104328523862,0.0051054384017758,0.0113207547169811,0.0690344062153163,0.0667036625971143,0.0524972253052164,0.0315205327413984,0.0514983351831299
"113","E02000115","Brent 023",0.621223021582734,0.0685851318944844,0.0400479616306954,0.0152278177458034,0.00239808153477218,0.0188249400479616,0.0473621103117506,0.0591127098321343,0.0416067146282974,0.0160671462829736,0.0695443645083933
"114","E02000116","Brent 024",0.407702686127806,0.0734698883846437,0.0813197595976941,0.0398626272537716,0.00515147798356433,0.0121427695326874,0.0922359867533423,0.0976327732123145,0.0859806206304428,0.0453820679504477,0.0591193425732859
"115","E02000117","Brent 025",0.311246150004162,0.0688420877382835,0.0415383334720719,0.0403729293265629,0.00549404811454258,0.00457837342878548,0.0586864230417048,0.179721967868143,0.170149005244319,0.0684258719720303,0.0509448097893948
"116","E02000118","Brent 026",0.17315649867374,0.036604774535809,0.38631299734748,0.0441379310344828,0.00806366047745358,0.00572944297082228,0.16604774535809,0.0427586206896552,0.080106100795756,0.0283289124668435,0.0287533156498674
"117","E02000119","Brent 027",0.218543046357616,0.0607064017660044,0.0440121412803532,0.0240066225165563,0.00358719646799117,0.00372516556291391,0.0722958057395143,0.237030905077263,0.179911699779249,0.0946467991169978,0.0615342163355408
"118","E02000120","Brent 028",0.641849359670067,0.0686998046451053,0.0283264597351856,0.0159539830692425,0.000759713479487736,0.018124593010636,0.0502496201432603,0.0560017364879531,0.0467766442370306,0.0196440199696115,0.0536140655524202
"119","E02000121","Brent 029",0.160304488973469,0.0236202843389679,0.492891525803202,0.0466808463002351,0.00470166797268555,0.00660472405686779,0.151684764356879,0.0260830628008508,0.045785290495914,0.0120900033583343,0.0295533415425949
"120","E02000122","Brent 030",0.582250278499814,0.0625077361059537,0.0706770639930684,0.0302017576432727,0.00358955316252011,0.00903577175392994,0.0410941948260923,0.051986632008912,0.0487684119321698,0.0152246565168957,0.084663943557371
"121","E02000123","Brent 031",0.39764929682723,0.0724233983286908,0.0451117603098037,0.0271078198247164,0.00190230314559413,0.00536721244649772,0.0675317616685916,0.134316189958557,0.129900129084856,0.0664447312996807,0.0522453971057816
"122","E02000124","Brent 032",0.64820974369008,0.0690667188417139,0.0282723537468206,0.0134024652709842,0.00185873605947955,0.011348072784191,0.0484249657601252,0.0450988064957934,0.0571316767755821,0.0233809430639797,0.0538055175112502
"123","E02000125","Brent 033",0.538788719371244,0.0727693018955155,0.0745261211280629,0.017753120665742,0.00601017105871475,0.00896902450300509,0.046786870087841,0.0545538603791031,0.100231160425335,0.0330097087378641,0.0466019417475728
"124","E02000126","Brent 034",0.331189710610932,0.0702250803858521,0.0261093247588424,0.0178778135048232,0.0045016077170418,0.0123472668810289,0.0537620578778135,0.204887459807074,0.128360128617363,0.059935691318328,0.0908038585209003
"125","E02000127","Bromley 001",0.805139691147,0.0394907461982789,0.0198043145113757,0.00141459389366969,0.00106094542025227,0.00766238359071083,0.0207473771071555,0.0565837557467877,0.0274666981020865,0.0124955793940823,0.00813391488860073
"126","E02000128","Bromley 002",0.883328763367151,0.0311214697011242,0.0149437894159583,0.0035645736221552,0.00795174115711544,0.00973402796819304,0.0108308198519331,0.0137098985467508,0.0104195228955306,0.00383877159309021,0.0105566218809981
"127","E02000130","Bromley 004",0.694970937578974,0.0617892342683851,0.0171847359110437,0.00682335102350265,0.00720242608036391,0.0106141015921152,0.0238817285822593,0.0658327015415719,0.0774576699519838,0.0202173363659338,0.0140257771038666
"128","E02000131","Bromley 005",0.626200580746035,0.0805226714317623,0.0178691087781997,0.00603082421264239,0.00312709403618495,0.00960464596828233,0.0227831136922046,0.106767924949743,0.086441813714541,0.0263569354478445,0.0142952870225597
"129","E02000132","Bromley 006",0.804832496790008,0.0423718921442745,0.0308159215594724,0.00326835531691374,0.00268472043889343,0.0142406910236956,0.018793043072254,0.0368857242908836,0.0252130267304774,0.00583634878020311,0.015057779852924
"130","E02000133","Bromley 007",0.879138038725796,0.0210285238392671,0.0379970851551114,0.00520508015823444,0.00322714969810535,0.00978555069748074,0.0150947324588799,0.0141578180303977,0.00499687695190506,0.00166562565063502,0.00770351863418697
"131","E02000134","Bromley 008",0.83022370741669,0.046690801076766,0.0246913580246914,0.00194931773879142,0.00417710944026733,0.00881834215167548,0.0189362294625453,0.0267335004177109,0.0182864568829481,0.00621925183328692,0.0132739255546273
"132","E02000135","Bromley 009",0.565029792479967,0.0750975960550647,0.0156153688103555,0.00534209985617423,0.0149989726731046,0.00493116909800699,0.0176700226011917,0.139305527018697,0.10376001643723,0.040476679679474,0.0177727552907335
"133","E02000136","Bromley 010",0.849511173184358,0.0230446927374302,0.021822625698324,0.00785614525139665,0.0150139664804469,0.0228701117318436,0.0130935754189944,0.026536312849162,0.00977653631284916,0.00296787709497207,0.00750698324022346
"134","E02000137","Bromley 011",0.848198313314592,0.0411449016100179,0.0286225402504472,0.00319447993866599,0.00140557117301303,0.00728341426015845,0.0181446460516228,0.0205724508050089,0.0143112701252236,0.00472783030922566,0.012394582162024
"135","E02000138","Bromley 012",0.857358870967742,0.03515625,0.0254536290322581,0.00415826612903226,0.00176411290322581,0.0108366935483871,0.0152469758064516,0.0216733870967742,0.0136088709677419,0.00352822580645161,0.0112147177419355
"136","E02000139","Bromley 013",0.831548599670511,0.0517572762218561,0.014552443712246,0.00260845689181768,0.00617792421746293,0.00631521142229544,0.014827018121911,0.0263591433278418,0.0289676002196595,0.0109829763866008,0.00590334980779791
"137","E02000140","Bromley 014",0.843427434398707,0.0328317373461012,0.00708867056336277,0.00335779131948763,0.00609376943166273,0.00708867056336277,0.00945156075115035,0.0606889690337023,0.0121875388633255,0.0115657256560129,0.00621813207312523
"138","E02000141","Bromley 015",0.696253602305476,0.0639769452449568,0.0181556195965418,0.00706051873198847,0.0102305475504323,0.00979827089337176,0.0185878962536023,0.0665706051873199,0.077521613832853,0.0219020172910663,0.00994236311239193
"139","E02000142","Bromley 016",0.852142426071213,0.0296922148461074,0.0363307181653591,0.00325890162945081,0.00337960168980084,0.0127942063971032,0.0137598068799034,0.0178636089318045,0.0123114061557031,0.00434520217260109,0.0141219070609535
"140","E02000144","Bromley 018",0.804054832392581,0.0458472526206658,0.0391659947010713,0.00368621126598318,0.00311024075567331,0.0148600391659947,0.0216564911876512,0.026955419882502,0.0138232922474369,0.00656606381753254,0.0202741619629075
"141","E02000145","Bromley 019",0.806579272817215,0.0373485035864457,0.00952263170912689,0.00173138758347762,0.0049468216670789,0.00717289141726441,0.0106356665842196,0.0805095226317091,0.0212713331684393,0.0118723720009894,0.00840959683403413
"142","E02000146","Bromley 020",0.869173474291206,0.0383229216722729,0.0174195098510332,0.00336376741950985,0.00288322921672273,0.00780874579529073,0.0221047573282076,0.0171792407496396,0.0129745314752523,0.00276309466602595,0.00600672753483902
"143","E02000147","Bromley 021",0.857573095746016,0.029740243443343,0.0309951060358891,0.0065252854812398,0.00276069770360146,0.0116702221106789,0.0193248839252102,0.0100389007403689,0.0116702221106789,0.00351361525912913,0.0161877274438449
"144","E02000148","Bromley 022",0.886560364464692,0.0223234624145786,0.023538344722855,0.00455580865603645,0,0.00759301442672741,0.0230827638572513,0.0136674259681093,0.0088078967350038,0.00121488230827639,0.00865603644646925
"145","E02000149","Bromley 023",0.88090295796575,0.0242605085625324,0.010768033212247,0.000259470679813181,0.00467047223663726,0.00843279709392839,0.0134924753502854,0.0321743642968345,0.0137519460300986,0.00557861961598339,0.00570835495588998
"146","E02000150","Bromley 024",0.835828044545563,0.0427493713327745,0.0153275056879416,0.0046700993892947,0.00347263800742426,0.0101784217458987,0.0153275056879416,0.0267033888157107,0.0258651658484014,0.00957969105496348,0.0102981678840857
"147","E02000151","Bromley 025",0.911011354634275,0.0192764721415368,0.0227092685503037,0.00105624504885133,0.004753102719831,0.0106944811196198,0.0122788486928968,0.0102983892263005,0.00250858199102192,0.000924214417744917,0.00448904145761817
"148","E02000152","Bromley 026",0.839926962872794,0.0415398660986001,0.0120206938527085,0.00243457090687766,0.00806451612903226,0.00806451612903226,0.0190200852099817,0.0351491174680463,0.0178027997565429,0.00821667681071211,0.00776019476567255
"149","E02000153","Bromley 027",0.914893617021277,0.0246292714377821,0.0127659574468085,0.00180528691166989,0.002321083172147,0.00554480980012895,0.0108317214700193,0.00915538362346873,0.0123791102514507,0.00219213410702772,0.0034816247582205
"150","E02000154","Bromley 028",0.869581605729363,0.0236210579218495,0.0252544289483603,0.00376931775348662,0.00402060560371906,0.0155798467144114,0.0232441261465008,0.0234954139967333,0.00414624952883528,0.00213594672697575,0.00515140092976505
"151","E02000155","Bromley 029",0.896307023895728,0.0185372918175235,0.0115858073859522,0.00130340333091962,0.00376538740043447,0.0108616944243302,0.0123099203475742,0.0299782766111513,0.00724112961622013,0.00289645184648805,0.00521361332367849
"152","E02000156","Bromley 030",0.89391433768811,0.0314205391103026,0.0188523234661816,0.00239788324789152,0.00231519761865388,0.006862907226724,0.0124855300148834,0.00727633537291219,0.0157102695551513,0.00248056887712916,0.00628410782206053
"153","E02000157","Bromley 031",0.919763937719739,0.0177046710195881,0.0178302360622803,0.00502260170768458,0.00226017076845806,0.0095429432446007,0.0118031140130588,0.00665494726268207,0.00288799598191863,0.000125565042692115,0.00640381717729784
"154","E02000158","Bromley 032",0.877919608908202,0.0289244975556763,0.0118142313959804,0.000814774579033134,0.00420966865833786,0.0074687669744704,0.00950570342205323,0.0374796306355242,0.0123574144486692,0.00353068984247691,0.00597501357957632
"155","E02000159","Bromley 033",0.90237815619495,0.0212859659424545,0.028919553728714,0.00190839694656489,0,0.00308279506752789,0.0139459776864357,0.0120375807398708,0.00440399295361127,0.0036699941280094,0.00836758661186142
"156","E02000160","Bromley 034",0.935336048879837,0.0220213849287169,0.0064918533604888,0.0010183299389002,0.000636456211812627,0.00534623217922607,0.007510183299389,0.00610997963340122,0.00712830957230143,0.00190936863543788,0.0064918533604888
"157","E02000161","Bromley 035",0.883234244946492,0.0196195005945303,0.0321046373365042,0.00356718192627824,0.00130796670630202,0.0137931034482759,0.0143876337693222,0.0186682520808561,0.00202140309155767,0.00202140309155767,0.00927467300832342
"158","E02000162","Bromley 036",0.905423576871358,0.0198715075451965,0.0180785895711938,0.00403406544150605,0.00283878679217093,0.00433288510383983,0.0227102943373674,0.0115045569998506,0.00403406544150605,0.00149409831166891,0.00567757358434185
"159","E02000163","Bromley 037",0.928888888888889,0.0172549019607843,0.0163398692810458,0.000915032679738562,0.00222222222222222,0.0073202614379085,0.0105882352941176,0.00718954248366013,0.00405228758169935,0.00143790849673203,0.00379084967320261
"160","E02000165","Bromley 039",0.953158268275373,0.0164655784244145,0.0049680624556423,0.00184528034066714,0.00184528034066714,0.00198722498225692,0.00383250532292406,0.00454222853087296,0.0049680624556423,0.00014194464158978,0.00624556422995032
"161","E02000166","Camden 001",0.793791014639071,0.0638566380615851,0.00959111559818274,0.00088339222614841,0.0188036345280162,0.00946491670873296,0.0189298334174659,0.0319283190307925,0.0157748611812216,0.00959111559818274,0.0273851590106007
"162","E02000167","Camden 002",0.848187311178248,0.0473313192346425,0.0205186304128902,0.00314702920443102,0.00213997985901309,0.0152316213494461,0.0260574018126888,0.0106998992950655,0.00516112789526687,0.0027693856998993,0.0187562940584089
"163","E02000168","Camden 003",0.78218306412139,0.0655898188937837,0.0104013705335291,0.00293685756240822,0.031081742535487,0.00844346549192364,0.0189672050905531,0.0297356828193833,0.0166421928536466,0.0104013705335291,0.0236172295643661
"164","E02000169","Camden 004",0.758805813801231,0.0611496660992536,0.042425036008904,0.00693989786565405,0.00314259525991882,0.020295927720309,0.0441272751080267,0.012439439570512,0.00746366374230719,0.00458295142071494,0.0386277334031688
"165","E02000170","Camden 005",0.743223794674982,0.0564883665147517,0.0340609258815064,0.00911489565843128,0.0127128807867594,0.0172703286159751,0.0359798512832814,0.0233869033341329,0.0111537538978172,0.0112736867354282,0.0453346126169345
