"","MSOA11CD","MSOA11NM","V.00","V.01","V.02","V.03","V.04"
"1","E02000001","City of London 001",0.693956670467503,0.250855188141391,0.0394526795895097,0.011630558722919,0.00410490307867731
"2","E02000002","Barking and Dagenham 001",0.37596756358275,0.437154441577589,0.156284555842241,0.0243273129377073,0.0062661260597125
"3","E02000003","Barking and Dagenham 002",0.311945748565467,0.457224830464267,0.180229525299948,0.0404277516953573,0.0101721439749609
"4","E02000004","Barking and Dagenham 003",0.239861949956859,0.468075927523727,0.222174288179465,0.0552200172562554,0.0146678170836928
"5","E02000005","Barking and Dagenham 004",0.339302544769086,0.447062519635564,0.173107131636821,0.0342444234998429,0.00628338045868677
"6","E02000007","Barking and Dagenham 006",0.434757337983144,0.419645451903516,0.121766928218541,0.018308631211857,0.00552165068294101
"7","E02000008","Barking and Dagenham 007",0.386843824874755,0.449357438466565,0.135918100631671,0.021346111958179,0.00653452406883032
"8","E02000009","Barking and Dagenham 008",0.371108343711083,0.463885429638854,0.13480697384807,0.0233499377334994,0.00684931506849315
"9","E02000010","Barking and Dagenham 009",0.389125151883354,0.440157958687728,0.138213851761847,0.0249088699878493,0.00759416767922236
"10","E02000011","Barking and Dagenham 010",0.291830493665356,0.485801660113587,0.165574486675404,0.0454346876365225,0.0113586719091306
"11","E02000012","Barking and Dagenham 011",0.267955801104972,0.449048496009822,0.213934929404543,0.0503376304481277,0.0187231430325353
"12","E02000013","Barking and Dagenham 012",0.37024,0.45248,0.144,0.02816,0.00512
"13","E02000014","Barking and Dagenham 013",0.401869158878505,0.438969130557916,0.127725856697819,0.0263381478334749,0.00509770603228547
"14","E02000015","Barking and Dagenham 014",0.48391167192429,0.39589905362776,0.101261829652997,0.016403785488959,0.00252365930599369
"15","E02000016","Barking and Dagenham 015",0.639740967961827,0.303340149965917,0.0497614178595774,0.00443081117927744,0.0027266530334015
"16","E02000017","Barking and Dagenham 016",0.397215097105167,0.419201172590693,0.145108098204471,0.0318798094540125,0.00659582264565775
"17","E02000018","Barking and Dagenham 017",0.427239927841251,0.417017438364402,0.125375826819002,0.0252555622369212,0.00511124473842453
"18","E02000019","Barking and Dagenham 018",0.338538205980066,0.476744186046512,0.154152823920266,0.0255813953488372,0.00498338870431894
"19","E02000020","Barking and Dagenham 019",0.431791907514451,0.433236994219653,0.113294797687861,0.0187861271676301,0.00289017341040462
"20","E02000021","Barking and Dagenham 020",0.375042387249915,0.446252967107494,0.142760257714479,0.0308579179382842,0.00508646998982706
"21","E02000022","Barking and Dagenham 021",0.574670346519473,0.370438515792702,0.0478380864765409,0.00582643360932229,0.00122661760196259
"22","E02000023","Barking and Dagenham 022",0.481694775812423,0.41875771287536,0.0798025503907857,0.0152200740436035,0.00452488687782805
"23","E02000024","Barnet 001",0.200486618004866,0.482481751824818,0.247931873479319,0.0532846715328467,0.0158150851581509
"24","E02000025","Barnet 002",0.263390392048592,0.482882385422419,0.202926559911651,0.037548315847598,0.0132523467697405
"25","E02000026","Barnet 003",0.159855769230769,0.470753205128205,0.279246794871795,0.0673076923076923,0.0228365384615385
"26","E02000027","Barnet 004",0.293117408906883,0.446693657219973,0.208097165991903,0.0412955465587045,0.0107962213225371
"27","E02000028","Barnet 005",0.191670036393045,0.462191670036393,0.26930853214719,0.0614638091386979,0.0153659522846745
"28","E02000029","Barnet 006",0.262453743239397,0.465983489894677,0.214346712211785,0.0444064901793339,0.0128095644748079
"29","E02000030","Barnet 007",0.140469208211144,0.358944281524927,0.331964809384164,0.114076246334311,0.0545454545454545
"30","E02000031","Barnet 008",0.216897408590699,0.436279730209443,0.261625843095492,0.0614128505502307,0.0237841675541356
"31","E02000032","Barnet 009",0.12983223924143,0.421590080233406,0.342815463165573,0.0762217359591539,0.0295404814004376
"32","E02000033","Barnet 010",0.243292131444076,0.488091649080494,0.211637021404884,0.0416038589086524,0.0153753391618933
"33","E02000034","Barnet 011",0.2606523655598,0.440493682045254,0.223332353805466,0.0561269468116368,0.0193946517778431
"34","E02000035","Barnet 012",0.286897367642709,0.471753918958888,0.192250813368826,0.0375628512274475,0.0115350488021295
"35","E02000036","Barnet 013",0.213850837138508,0.445459157787925,0.268138001014713,0.0578386605783866,0.0147133434804668
"36","E02000037","Barnet 014",0.213129231675007,0.355313511922284,0.311745657933471,0.0909626140712393,0.0288489843979982
"37","E02000038","Barnet 015",0.245245739688812,0.489750555692764,0.213139046678192,0.0409977772289454,0.0108668807112867
"38","E02000039","Barnet 016",0.164185110663984,0.397183098591549,0.325150905432596,0.0784708249496982,0.035010060362173
"39","E02000040","Barnet 017",0.240845602114005,0.454888637221593,0.233295583238958,0.0551151377878445,0.0158550396375991
"40","E02000041","Barnet 018",0.281410256410256,0.412820512820513,0.233974358974359,0.0554487179487179,0.0163461538461538
"41","E02000042","Barnet 019",0.359647138656413,0.460755485184347,0.145894593983262,0.0280479529518209,0.00565482922415743
"42","E02000043","Barnet 020",0.166728555514296,0.458967694021537,0.290011139992573,0.0672112885258077,0.0170813219457854
"43","E02000044","Barnet 021",0.320754716981132,0.443745632424878,0.195667365478686,0.0296995108315863,0.0101327742837177
"44","E02000045","Barnet 022",0.3478886756238,0.46904990403071,0.1521113243762,0.0247120921305182,0.00623800383877159
"45","E02000046","Barnet 023",0.337062937062937,0.475874125874126,0.155594405594406,0.0258741258741259,0.00559440559440559
"46","E02000047","Barnet 024",0.413528245787909,0.425173439048563,0.132061446977205,0.0225470763131814,0.00668979187314172
"47","E02000048","Barnet 025",0.176532769556025,0.466701902748414,0.27906976744186,0.0599894291754757,0.0177061310782241
"48","E02000049","Barnet 026",0.450132100396301,0.424372523117569,0.105680317040951,0.0145310435931308,0.00528401585204756
"49","E02000050","Barnet 027",0.323903451855697,0.469244744355048,0.171554632753698,0.0280301064105892,0.00726706462496756
"50","E02000051","Barnet 028",0.286683630195081,0.423240033927057,0.221656771275092,0.052021487135991,0.0163980774667798
"51","E02000052","Barnet 029",0.38121546961326,0.486668268075907,0.113619985587317,0.0158539514773,0.00264232524621667
"52","E02000053","Barnet 030",0.360049321824908,0.464858199753391,0.13810110974106,0.0286683107274969,0.00832305795314427
"53","E02000054","Barnet 031",0.268204758471521,0.462869502523432,0.204037490987743,0.0468637346791637,0.0180245133381399
"54","E02000055","Barnet 032",0.376166547020818,0.402727925340991,0.172050729839675,0.0373295046661881,0.0117252931323283
"55","E02000056","Barnet 033",0.173156342182891,0.390855457227139,0.310324483775811,0.0887905604719764,0.0368731563421829
"56","E02000057","Barnet 034",0.282926829268293,0.421138211382114,0.240243902439024,0.0467479674796748,0.00894308943089431
"57","E02000058","Barnet 035",0.280232264579652,0.447361777328957,0.221408735167887,0.0383741479424388,0.0126230749810654
"58","E02000059","Barnet 036",0.389473684210526,0.435839598997494,0.13984962406015,0.0290726817042607,0.00576441102756892
"59","E02000060","Barnet 037",0.342352941176471,0.398235294117647,0.213823529411765,0.0335294117647059,0.0120588235294118
"60","E02000061","Barnet 038",0.366015132408575,0.394703656998739,0.184741488020177,0.0419293820933165,0.0126103404791929
"61","E02000062","Barnet 039",0.464997878659313,0.401781926177344,0.115825201527365,0.0148493848112007,0.00254560882477726
"62","E02000063","Barnet 040",0.341190571314423,0.448262085497403,0.167798641630044,0.0331602077506992,0.00958849380743108
"63","E02000064","Barnet 041",0.46734693877551,0.376734693877551,0.119183673469388,0.026530612244898,0.0102040816326531
"64","E02000065","Bexley 001",0.362536656891496,0.434017595307918,0.157258064516129,0.0359237536656892,0.0102639296187683
"65","E02000066","Bexley 002",0.43030303030303,0.428985507246377,0.110671936758893,0.0245059288537549,0.00553359683794466
"66","E02000067","Bexley 003",0.314245810055866,0.48268156424581,0.164525139664804,0.0298882681564246,0.00865921787709497
"67","E02000068","Bexley 004",0.361065439000329,0.465307464649786,0.138441302203223,0.0269648142058533,0.00822097994080894
"68","E02000069","Bexley 005",0.250100200400802,0.465731462925852,0.210821643286573,0.0533066132264529,0.0200400801603206
"69","E02000070","Bexley 006",0.203021718602455,0.447592067988669,0.253698457664463,0.0758577274158011,0.0198300283286119
"70","E02000071","Bexley 007",0.211718188353702,0.450035945363048,0.252695902228612,0.0625449317038102,0.0230050323508267
"71","E02000072","Bexley 008",0.392418466751377,0.449809402795426,0.132782719186785,0.0194832698009318,0.00550614146548073
"72","E02000073","Bexley 009",0.15851814516129,0.442540322580645,0.302167338709677,0.0751008064516129,0.0216733870967742
"73","E02000074","Bexley 010",0.313971742543171,0.453375196232339,0.18116169544741,0.0379905808477237,0.0135007849293564
"74","E02000075","Bexley 011",0.171500630517024,0.442938209331652,0.289092055485498,0.0778688524590164,0.0186002522068096
"75","E02000077","Bexley 013",0.19616724738676,0.459581881533101,0.257491289198606,0.0665505226480836,0.0202090592334495
"76","E02000078","Bexley 014",0.152173913043478,0.46870882740448,0.286231884057971,0.0652173913043478,0.0276679841897233
"77","E02000079","Bexley 015",0.25221916131007,0.468625650443832,0.219467401285583,0.0477502295684114,0.0119375573921028
"78","E02000080","Bexley 016",0.232847109670448,0.439222042139384,0.24689357104268,0.0588870880605078,0.02215018908698
"79","E02000081","Bexley 017",0.235350933676755,0.446877012234385,0.239536381197682,0.0592401802962009,0.0189954925949775
"80","E02000082","Bexley 018",0.146007151370679,0.455899880810489,0.289332538736591,0.0780691299165673,0.0306912991656734
"81","E02000083","Bexley 019",0.231618569636136,0.465244667503137,0.237892095357591,0.0501882057716437,0.0150564617314931
"82","E02000084","Bexley 020",0.154193395105726,0.432406747445949,0.305298170586838,0.0772154906153481,0.0308861962461392
"83","E02000085","Bexley 021",0.164072632944228,0.465953307392996,0.267509727626459,0.0797665369649805,0.0226977950713359
"84","E02000086","Bexley 022",0.125493008246683,0.454643241305127,0.309429903191108,0.0778056651129437,0.0326281821441377
"85","E02000087","Bexley 023",0.142584341183959,0.456397199236155,0.308720560152769,0.0706556333545512,0.0216422660725652
"86","E02000088","Bexley 024",0.132707774798928,0.469504021447721,0.28887399463807,0.078083109919571,0.0308310991957105
"87","E02000089","Bexley 025",0.14142807864781,0.449465332873405,0.304932735426009,0.081062435322525,0.0231114177302518
"88","E02000090","Bexley 026",0.275618374558304,0.476274608783443,0.196617869762746,0.0403836446239273,0.01110550227158
"89","E02000091","Bexley 027",0.254732414115448,0.443327880345875,0.229726571628885,0.0523486795980369,0.0198644543117551
"90","E02000092","Bexley 028",0.27443056576047,0.454445260837619,0.209772226304188,0.0455547391623806,0.0157972079353417
"91","E02000093","Brent 001",0.227406103286385,0.44131455399061,0.244718309859155,0.0721830985915493,0.0143779342723005
"92","E02000094","Brent 002",0.246895544192841,0.444485025566107,0.221694667640614,0.0661066471877283,0.02081811541271
"93","E02000095","Brent 003",0.282643567532884,0.425088225858197,0.220083413538659,0.0612768687840873,0.0109079242861726
"94","E02000096","Brent 004",0.185861795075457,0.384432088959492,0.306989674344718,0.0941223193010326,0.028594122319301
"95","E02000097","Brent 005",0.237867395762133,0.456596035543404,0.225563909774436,0.0642515379357485,0.0157211209842789
"96","E02000098","Brent 006",0.257918552036199,0.43552036199095,0.226621417797888,0.0603318250377074,0.0196078431372549
"97","E02000099","Brent 007",0.299784327821711,0.473759884974838,0.176491732566499,0.0388209920920201,0.0111430625449317
"98","E02000100","Brent 008",0.227744807121662,0.365727002967359,0.291172106824926,0.0905044510385757,0.0248516320474777
"99","E02000101","Brent 009",0.396739130434783,0.404589371980676,0.149154589371981,0.0368357487922705,0.0126811594202899
"100","E02000102","Brent 010",0.381009615384615,0.424278846153846,0.147435897435897,0.0380608974358974,0.00921474358974359
"101","E02000103","Brent 011",0.362057448229793,0.44622578490314,0.148964595858383,0.0323981295925184,0.0103540414161657
"102","E02000104","Brent 012",0.31947582467239,0.406235878897424,0.206507004066878,0.0501581563488477,0.01762313601446
"103","E02000105","Brent 013",0.357023690357024,0.422756089422756,0.169502836169503,0.04004004004004,0.0106773440106773
"104","E02000106","Brent 014",0.441867207886344,0.391997680487098,0.130182661641055,0.026674398376341,0.00927805160916208
"105","E02000107","Brent 015",0.524957389822255,0.362795227660093,0.0927684441197955,0.0150961772583394,0.0043827611395179
"106","E02000108","Brent 016",0.342803912435957,0.43828598043782,0.178854215183978,0.0298090358639963,0.0102468560782487
"107","E02000109","Brent 017",0.411458333333333,0.388786764705882,0.144607843137255,0.0441176470588235,0.0110294117647059
"108","E02000110","Brent 018",0.434152913438868,0.431121589760862,0.107780397440216,0.0218928932300438,0.0050522061300101
"109","E02000111","Brent 019",0.390185312285518,0.405284831846259,0.154770075497598,0.0380919698009609,0.0116678105696637
"110","E02000112","Brent 020",0.424273858921162,0.394882434301521,0.14073305670816,0.0293914246196404,0.0107192254495159
"111","E02000113","Brent 021",0.489110707803993,0.395341802782819,0.0992135511191772,0.0120992135511192,0.00423472474289171
"112","E02000114","Brent 022",0.570294784580499,0.342687074829932,0.0691609977324263,0.01218820861678,0.00566893424036281
"113","E02000115","Brent 023",0.552288417284582,0.357197647660445,0.0721043211454871,0.0150856558424955,0.00332395806699054
"114","E02000116","Brent 024",0.594401041666667,0.3310546875,0.0625,0.0104166666666667,0.00162760416666667
"115","E02000117","Brent 025",0.576914636822471,0.356374807987711,0.0568356374807988,0.00702216370419135,0.00285275400482774
"116","E02000118","Brent 026",0.371709371709372,0.425412425412425,0.168831168831169,0.0287820287820288,0.00526500526500526
"117","E02000119","Brent 027",0.526376588371197,0.391605698883327,0.0700808625336927,0.0100115517905275,0.00192529842125529
"118","E02000120","Brent 028",0.603460369417816,0.344400280570493,0.0453588964227262,0.0060790273556231,0.000701426233341127
"119","E02000121","Brent 029",0.378192908882958,0.423942051086542,0.154784597788791,0.0335493709492947,0.00953107129241327
"120","E02000122","Brent 030",0.38004594683295,0.421069904824417,0.151624548736462,0.0354446997046275,0.0118148999015425
"121","E02000123","Brent 031",0.603161114887831,0.327668252889191,0.0564242012236574,0.0103670972127804,0.00237933378653977
"122","E02000124","Brent 032",0.487771112136594,0.417397323488694,0.083756345177665,0.00899861559760037,0.00207660359944624
"123","E02000125","Brent 033",0.454608454608455,0.422037422037422,0.105798105798106,0.0138600138600139,0.0036960036960037
"124","E02000126","Brent 034",0.656906240757172,0.301094350783792,0.0375628512274475,0.00295770482105886,0.00147885241052943
"125","E02000127","Bromley 001",0.341768707482993,0.451700680272109,0.170068027210884,0.0269387755102041,0.00952380952380952
"126","E02000128","Bromley 002",0.186626746506986,0.480039920159681,0.254491017964072,0.0575515635395875,0.021290751829674
"127","E02000130","Bromley 004",0.374711316397229,0.450057736720554,0.142898383371824,0.0242494226327945,0.00808314087759815
"128","E02000131","Bromley 005",0.513837437350185,0.408803660928307,0.064284157768577,0.0106777075615603,0.00239703639137067
"129","E02000132","Bromley 006",0.333333333333333,0.527206512425021,0.117823479005998,0.0158526135389889,0.0057840616966581
"130","E02000133","Bromley 007",0.105023983842464,0.445847008331229,0.33198687200202,0.0845746023731381,0.0325675334511487
"131","E02000134","Bromley 008",0.324128476302389,0.497453975714845,0.146690168429299,0.0236976106541324,0.00802976889933412
"132","E02000135","Bromley 009",0.539073148568832,0.37664697864607,0.0681508405270332,0.0118128123580191,0.00431621990004543
"133","E02000136","Bromley 010",0.1939284096058,0.396465790666063,0.282736746714998,0.088808337109198,0.038060715903942
"134","E02000137","Bromley 011",0.209513335166346,0.504536706076437,0.226560351938411,0.0464668682980478,0.0129227385207589
"135","E02000138","Bromley 012",0.221099334483609,0.537342864185359,0.193985703721962,0.0357406950948977,0.011831402514173
"136","E02000139","Bromley 013",0.259525296689569,0.520924422236102,0.176452217364147,0.0334166146158651,0.00968144909431605
"137","E02000140","Bromley 014",0.338079369887913,0.437746137534081,0.175401393517116,0.0354438049076038,0.0133292941532869
"138","E02000141","Bromley 015",0.335515548281506,0.478887070376432,0.150572831423895,0.0274959083469722,0.00752864157119476
"139","E02000142","Bromley 016",0.180322875418824,0.466950959488273,0.269265915321352,0.0633566859579653,0.0201035638135851
"140","E02000144","Bromley 018",0.245105716523101,0.515792221352127,0.195771339075959,0.0315844427042548,0.0117462803445576
"141","E02000145","Bromley 019",0.325829383886256,0.462973933649289,0.170023696682464,0.0305094786729858,0.0106635071090047
"142","E02000146","Bromley 020",0.22690992018244,0.51539338654504,0.208095781071836,0.040478905359179,0.00912200684150513
"143","E02000147","Bromley 021",0.143261074458058,0.393025447690858,0.343072573044298,0.0904806786050895,0.0301602262016965
"144","E02000148","Bromley 022",0.143942271173566,0.447018609950627,0.309153057349032,0.075579187238891,0.0243068742878845
"145","E02000149","Bromley 023",0.251769775315482,0.449369036626654,0.225300092336103,0.054170514004309,0.0193905817174515
"146","E02000150","Bromley 024",0.162753296880026,0.45030556449019,0.284657446124156,0.0755870054679961,0.0266966870376327
"147","E02000151","Bromley 025",0.127254509018036,0.471943887775551,0.308283233132933,0.0731462925851703,0.01937207748831
"148","E02000152","Bromley 026",0.267632481890965,0.449866565001906,0.21540221120854,0.0465116279069767,0.0205871139916127
"149","E02000153","Bromley 027",0.115384615384615,0.434615384615385,0.333916083916084,0.0884615384615385,0.0276223776223776
"150","E02000154","Bromley 028",0.206802307925903,0.447616155481324,0.258123291831157,0.0622532645004555,0.02520498026116
"151","E02000155","Bromley 029",0.214916584887144,0.468760222440301,0.258750408897612,0.0435067059208374,0.0140660778541053
"152","E02000156","Bromley 030",0.165475189234651,0.428511354079058,0.308452481076535,0.0727502102607233,0.0248107653490328
"153","E02000157","Bromley 031",0.13969696969697,0.467272727272727,0.305151515151515,0.0663636363636364,0.0215151515151515
"154","E02000158","Bromley 032",0.217818428184282,0.448848238482385,0.252032520325203,0.0586043360433604,0.0226964769647696
"155","E02000159","Bromley 033",0.101855220080029,0.39432520916697,0.345943979628956,0.106584212440888,0.0512913786831575
"156","E02000160","Bromley 034",0.141509433962264,0.391172506738544,0.352762803234501,0.0832210242587601,0.0313342318059299
"157","E02000161","Bromley 035",0.129712080736123,0.474621549421193,0.307212822796082,0.0647076283763728,0.0237459186702286
"158","E02000162","Bromley 036",0.195223260643821,0.443059882312219,0.269989615784008,0.069920387677397,0.0218068535825545
"159","E02000163","Bromley 037",0.119140625,0.416666666666667,0.3271484375,0.0966796875,0.0403645833333333
"160","E02000165","Bromley 039",0.0772946859903382,0.366406540319584,0.396506874767744,0.112597547380156,0.0471943515421776
"161","E02000166","Camden 001",0.481764206955047,0.381113938365847,0.10941475826972,0.0209216850438224,0.00678541136556404
"162","E02000167","Camden 002",0.412785891430146,0.427666023697988,0.12675668228162,0.0242491044364839,0.00854229815376137
"163","E02000168","Camden 003",0.554738330975955,0.375671852899576,0.061951909476662,0.00594059405940594,0.0016973125884017
"164","E02000169","Camden 004",0.323929299796057,0.447994561522774,0.174711080897349,0.0384092454112848,0.0149558123725357
"165","E02000170","Camden 005",0.494165535956581,0.393758480325644,0.0952510176390773,0.0135685210312076,0.00325644504748982
"166","E02000171","Camden 006",0.51313535122787,0.40862364363221,0.0676756139348944,0.00999428897772701,0.000571102227298686
"167","E02000172","Camden 007",0.666268514094601,0.292881032011467,0.0367892976588629,0.00262780697563306,0.00143334925943622
"168","E02000173","Camden 008",0.52899971980947,0.367609974782852,0.0851779209862707,0.0131689548893247,0.00504342953208182
"169","E02000174","Camden 009",0.627681841967556,0.327838827838828,0.0392464678178964,0.00366300366300366,0.00156985871271586
"170","E02000175","Camden 010",0.587795183539864,0.346504559270517,0.0558802899228431,0.00865092354454057,0.00116904372223521
"171","E02000176","Camden 011",0.540018399264029,0.382704691812328,0.0680772769089236,0.00766636001226618,0.00153327200245324
"172","E02000177","Camden 012",0.644501940491591,0.302199223803364,0.0460543337645537,0.00569210866752911,0.00155239327296248
"173","E02000178","Camden 013",0.663317757009346,0.293457943925234,0.0376168224299065,0.00327102803738318,0.00233644859813084
"174","E02000179","Camden 014",0.52020905923345,0.384668989547038,0.0745644599303136,0.0149825783972125,0.00557491289198606
"175","E02000180","Camden 015",0.629640542133176,0.319387153800825,0.0424278137890395,0.00766057748968768,0.000883912787271656
"176","E02000181","Camden 016",0.513809133169264,0.406890894175554,0.0667213563029806,0.0106644790812141,0.00191413727098715
"177","E02000182","Camden 017",0.49881876476544,0.387445156935538,0.0877489031387108,0.020249746878164,0.00573742828214647
"178","E02000183","Camden 018",0.531306364339088,0.366142746714764,0.0839989693377995,0.0146869363566091,0.00386498325173924
"179","E02000184","Camden 019",0.702051983584131,0.264295485636115,0.0298221614227086,0.00328317373461012,0.000547195622435021
"180","E02000185","Camden 020",0.685627221940071,0.273996952767902,0.0350431691213814,0.00380904012188928,0.00152361604875571
"181","E02000186","Camden 021",0.675379154565989,0.251371410132301,0.0606647305582446,0.00806711842529848,0.00451758631816715
"182","E02000187","Camden 022",0.733738601823708,0.232826747720365,0.0297872340425532,0.00243161094224924,0.00121580547112462
"183","E02000188","Camden 023",0.732492113564669,0.234700315457413,0.026813880126183,0.00473186119873817,0.00126182965299685
"184","E02000189","Camden 024",0.757212605415002,0.216600088770528,0.0230803373280071,0.00266311584553928,0.000443852640923213
"185","E02000190","Camden 025",0.824897830870795,0.157812008802263,0.0157183275699466,0.00125746620559572,0.000314366551398931
"186","E02000191","Camden 026",0.781032078103208,0.188284518828452,0.0247559274755927,0.00557880055788006,0.000348675034867503
"187","E02000192","Camden 027",0.736296296296296,0.231407407407407,0.0275555555555556,0.00414814814814815,0.000592592592592593
"188","E02000193","Camden 028",0.774285714285714,0.189090909090909,0.0283116883116883,0.00545454545454545,0.00285714285714286
"189","E02000194","Croydon 001",0.425469626738229,0.452305440351305,0.102220053671627,0.0143937545742864,0.00561112466455233
"190","E02000195","Croydon 002",0.240278583865351,0.453279164248404,0.233313987231573,0.0583284968078932,0.0147997678467789
"191","E02000196","Croydon 003",0.325107716412064,0.430865648256953,0.18488053270662,0.045828437132785,0.0133176654915785
"192","E02000197","Croydon 004",0.383779018513077,0.42873934763444,0.145753746694093,0.036144578313253,0.00558330884513664
"193","E02000198","Croydon 005",0.435889754343919,0.432294787297783,0.108747753145596,0.0191731575793889,0.00389454763331336
"194","E02000199","Croydon 006",0.371059268600252,0.46374527112232,0.138083228247163,0.0220680958385876,0.00504413619167718
"195","E02000200","Croydon 007",0.444502755182367,0.422723694568355,0.105746523222251,0.0188926790868538,0.00813434794017318
"196","E02000201","Croydon 008",0.512585212375459,0.386208704771893,0.0818038804404824,0.0154693235448348,0.00393287886733089
"197","E02000202","Croydon 009",0.341160684334116,0.455551828245555,0.165045286816505,0.0318685005031868,0.00637370010063737
"198","E02000203","Croydon 010",0.483997387328543,0.407250163291966,0.0881776616590464,0.0166557805355976,0.00391900718484651
"199","E02000204","Croydon 011",0.339160839160839,0.452956134774317,0.16497139224412,0.0327399872854418,0.0101716465352829
"200","E02000206","Croydon 013",0.490147168870042,0.414816662509354,0.0808181591419307,0.0104764280369169,0.00374158144175605
"201","E02000207","Croydon 014",0.385857461024499,0.46826280623608,0.117204899777283,0.022271714922049,0.00640311804008909
"202","E02000208","Croydon 015",0.493326354357498,0.413504318241298,0.0808688824914944,0.00994504056529704,0.00235540434441246
"203","E02000209","Croydon 016",0.33881466255567,0.479616306954436,0.150051387461459,0.0250085645769099,0.00650907845152449
"204","E02000210","Croydon 017",0.334025511717591,0.491545535449422,0.142984277662415,0.0261050133491546,0.00533966182141798
"205","E02000211","Croydon 018",0.134797194266545,0.470265324794145,0.303141201585849,0.0628240317169869,0.0289722476364745
"206","E02000212","Croydon 019",0.441719852200202,0.426603963721868,0.107826671145448,0.0194827007054081,0.00436681222707424
"207","E02000213","Croydon 020",0.570432692307692,0.356971153846154,0.0610576923076923,0.00769230769230769,0.00384615384615385
"208","E02000214","Croydon 021",0.235674278328307,0.46100818612667,0.232227488151659,0.05170185264972,0.019388194743645
"209","E02000215","Croydon 022",0.505309557202965,0.409737527549589,0.0717291124023242,0.00921658986175115,0.00400721298337007
"210","E02000216","Croydon 023",0.350726552179657,0.477873183619551,0.134081902245707,0.0303830911492734,0.00693527080581242
"211","E02000217","Croydon 024",0.477650362742804,0.408378188626258,0.0975895155628364,0.0119354083781886,0.00444652468991341
"212","E02000218","Croydon 025",0.290840016884762,0.403123680878008,0.222878851836218,0.0561418319966231,0.02701561840439
"213","E02000219","Croydon 026",0.156385461820607,0.398799599866622,0.31943981327109,0.0910303434478159,0.0343447815938646
"214","E02000220","Croydon 027",0.505054672993604,0.413038993191665,0.0703527955436352,0.00866515370332164,0.00288838456777388
"215","E02000221","Croydon 028",0.320227625452664,0.479306777030522,0.164769787894465,0.0274185204345577,0.008277289187791
"216","E02000222","Croydon 029",0.30149759819158,0.484882735235942,0.173212771969483,0.0299519638315908,0.0104549307714044
"217","E02000223","Croydon 030",0.460173913043478,0.403130434782609,0.113391304347826,0.0184347826086957,0.0048695652173913
"218","E02000224","Croydon 031",0.293744333635539,0.494106980961015,0.172861891810215,0.0278029616198247,0.0114838319734059
"219","E02000225","Croydon 032",0.303175775480059,0.43205317577548,0.201624815361891,0.0468980797636632,0.0162481536189069
"220","E02000226","Croydon 033",0.113376251788269,0.417024320457797,0.34620886981402,0.0933476394849785,0.0300429184549356
"221","E02000227","Croydon 034",0.183261183261183,0.514945372088229,0.236858379715523,0.0496804782519068,0.0152545866831581
"222","E02000228","Croydon 035",0.10328317373461,0.395348837209302,0.372435020519836,0.0964432284541724,0.0324897400820793
"223","E02000229","Croydon 036",0.40033153750518,0.392457521757149,0.158723580605056,0.0343970161624534,0.0140903439701616
"224","E02000230","Croydon 037",0.233766233766234,0.451298701298701,0.236763236763237,0.0559440559440559,0.0222277722277722
"225","E02000231","Croydon 038",0.0802202123476209,0.322060558395596,0.40621313409359,0.134880062917814,0.0566260322453795
"226","E02000232","Croydon 039",0.129087779690189,0.410929432013769,0.328743545611015,0.0903614457831325,0.0408777969018933
"227","E02000233","Croydon 040",0.168130489335006,0.500209117524049,0.267252195734002,0.0518611459640318,0.0125470514429109
"228","E02000234","Croydon 041",0.206896551724138,0.437203416640304,0.265105979120531,0.0661183169882948,0.024675735526732
"229","E02000235","Croydon 042",0.124350408314774,0.441722345953972,0.326651818856719,0.080920564216778,0.026354862657758
"230","E02000236","Croydon 043",0.114517265680056,0.416490486257928,0.349189570119803,0.0866807610993657,0.0331219168428471
"231","E02000237","Croydon 044",0.19126213592233,0.406148867313916,0.313592233009709,0.0653721682847896,0.0236245954692557
"232","E02000238","Ealing 001",0.241899968543567,0.477194086190626,0.223340673167663,0.0427807486631016,0.0147845234350425
"233","E02000239","Ealing 002",0.221956224350205,0.446990424076607,0.257523939808482,0.0588235294117647,0.0147058823529412
"234","E02000240","Ealing 003",0.339787798408488,0.459416445623342,0.16604774535809,0.0289124668435013,0.00583554376657825
"235","E02000241","Ealing 004",0.253592561284869,0.483939137785292,0.20625528317836,0.0414201183431953,0.014792899408284
"236","E02000242","Ealing 005",0.251046025104602,0.456066945606695,0.225011622501162,0.0539284053928405,0.0139470013947001
"237","E02000243","Ealing 006",0.298239895697523,0.454367666232073,0.194915254237288,0.0423728813559322,0.0101043024771838
"238","E02000244","Ealing 007",0.247554552294959,0.499247554552295,0.195259593679458,0.0474040632054176,0.0105342362678706
"239","E02000245","Ealing 008",0.413084112149533,0.428348909657321,0.128348909657321,0.0221183800623053,0.00809968847352025
"240","E02000246","Ealing 009",0.335070009768805,0.419081732334744,0.186909801367633,0.0423314881146206,0.0166069684141973
"241","E02000247","Ealing 010",0.316378162450067,0.479627163781625,0.168042609853529,0.0287616511318242,0.00719041278295606
"242","E02000248","Ealing 011",0.297381116471399,0.482081323225362,0.176430048242591,0.0327360441075121,0.0113714679531358
"243","E02000249","Ealing 012",0.334793720335889,0.430083972252647,0.175976633807959,0.0449069003285871,0.0142387732749179
"244","E02000250","Ealing 013",0.206611570247934,0.526957890594254,0.234159779614325,0.0267611176702086,0.00550964187327824
"245","E02000251","Ealing 014",0.231777231777232,0.418099918099918,0.251842751842752,0.07002457002457,0.0282555282555283
"246","E02000252","Ealing 015",0.506591337099812,0.379338175948345,0.0890503093892924,0.0207156308851224,0.00430454667742803
"247","E02000253","Ealing 016",0.414262820512821,0.425213675213675,0.135683760683761,0.0208333333333333,0.00400641025641026
"248","E02000254","Ealing 017",0.241254523522316,0.398069963811821,0.240450341777242,0.0896662645757941,0.0305589063128267
"249","E02000255","Ealing 018",0.302595251242407,0.476256212037548,0.189122032026505,0.0242959690778575,0.00773053561568194
"250","E02000256","Ealing 019",0.368852459016393,0.443945002644104,0.154944473823374,0.0251189846641988,0.0071390798519302
"251","E02000257","Ealing 020",0.39196322152222,0.435382257789886,0.133151711220841,0.0299676485612123,0.00953516090584029
"252","E02000258","Ealing 021",0.379323899371069,0.443789308176101,0.147012578616352,0.0227987421383648,0.00707547169811321
"253","E02000259","Ealing 022",0.274638633377135,0.483136224266316,0.190976784932107,0.0394218134034166,0.011826544021025
"254","E02000260","Ealing 023",0.362236628849271,0.377228525121556,0.178282009724473,0.0603727714748784,0.0218800648298217
"255","E02000261","Ealing 024",0.47956204379562,0.393187347931873,0.100243309002433,0.0187347931873479,0.00827250608272506
"256","E02000262","Ealing 025",0.497215592680986,0.39591620259878,0.0808804030761071,0.0193582604083797,0.00662954123574649
"257","E02000263","Ealing 026",0.391442155309033,0.382250396196513,0.163866877971474,0.0497622820919176,0.0126782884310618
"258","E02000264","Ealing 027",0.357566302652106,0.425897035881435,0.170670826833073,0.0365054602184087,0.0093603744149766
"259","E02000265","Ealing 028",0.457762797556351,0.409732462607963,0.112913419001475,0.0162207710132715,0.00337054982093954
"260","E02000266","Ealing 029",0.38480194017785,0.418485583400701,0.143627054702237,0.0355699272433306,0.0175154944758825
"261","E02000267","Ealing 030",0.335792061819459,0.499824376536705,0.14471373375483,0.0158061116965227,0.00386371619248332
"262","E02000268","Ealing 031",0.34152719665272,0.461820083682008,0.166317991631799,0.0217050209205021,0.00862970711297071
"263","E02000269","Ealing 032",0.315870570107858,0.506009244992296,0.151001540832049,0.0209553158705701,0.0061633281972265
"264","E02000270","Ealing 033",0.557490243170219,0.366556589612729,0.0675472830981687,0.00660462323626539,0.00180126088261783
"265","E02000271","Ealing 034",0.31382793451759,0.49599442702891,0.165795889933821,0.0208986415882968,0.00348310693138279
"266","E02000272","Ealing 035",0.242341993020551,0.51686700271423,0.198138813493602,0.0329585110507949,0.00969367972082202
"267","E02000274","Ealing 037",0.389373067191453,0.385437166151251,0.162215350014057,0.0514478493112173,0.0115265673320214
"268","E02000275","Ealing 038",0.352416705771938,0.345377756921633,0.187705302674801,0.0713280150164242,0.0431722196152041
"269","E02000276","Ealing 039",0.345482156416097,0.509111617312073,0.129081245254366,0.0121488230827639,0.00417615793470008
"270","E02000277","Enfield 001",0.259901923802339,0.450018860807243,0.207846095812901,0.0577140701622029,0.024519049415315
"271","E02000278","Enfield 002",0.36058572300183,0.428309945088469,0.159243441122636,0.0408785845027456,0.0109823062843197
"272","E02000279","Enfield 003",0.346418732782369,0.467401285583104,0.146005509641873,0.0321395775941231,0.00803489439853076
"273","E02000280","Enfield 004",0.256203115983843,0.43796884016157,0.232256203115984,0.0522215810732833,0.0213502596653203
"274","E02000281","Enfield 005",0.29708297932597,0.444350042480884,0.202775417728689,0.0421976777116964,0.0135938827527613
"275","E02000282","Enfield 006",0.429962761386422,0.401031223145231,0.131480951016901,0.029504439988542,0.00802062446290461
"276","E02000283","Enfield 007",0.25817798100598,0.455153007386564,0.208582483292297,0.060851213506859,0.0172353148083011
"277","E02000284","Enfield 008",0.265942236202459,0.492993994852731,0.195310265942236,0.036888761795825,0.00886474120674864
"278","E02000285","Enfield 009",0.158961881589619,0.435117599351176,0.307380373073804,0.0733982157339822,0.0251419302514193
"279","E02000286","Enfield 010",0.231944084908103,0.500129433083096,0.2091638622832,0.0453015790836138,0.0134610406419881
"280","E02000287","Enfield 011",0.191732283464567,0.335433070866142,0.304330708661417,0.107874015748032,0.0606299212598425
"281","E02000288","Enfield 012",0.375264270613108,0.434989429175476,0.142706131078224,0.0369978858350951,0.0100422832980973
"282","E02000289","Enfield 013",0.133828996282528,0.414291615035109,0.315572077653862,0.100371747211896,0.0359355638166047
"283","E02000290","Enfield 014",0.461268839817736,0.407290571328426,0.0998948475289169,0.0245355765860498,0.00701016473887136
"284","E02000291","Enfield 015",0.356178089044522,0.460980490245123,0.149824912456228,0.0255127563781891,0.00750375187593797
"285","E02000292","Enfield 016",0.250139742873113,0.471771939631079,0.217439910564561,0.0433202906651761,0.0173281162660704
"286","E02000293","Enfield 017",0.148987854251012,0.413765182186235,0.306477732793522,0.094331983805668,0.0364372469635627
"287","E02000294","Enfield 018",0.323363243602526,0.421734795613161,0.186773014290462,0.0525091392489199,0.0156198072449319
"288","E02000295","Enfield 019",0.220794741559606,0.4705706602928,0.235733492680012,0.0543770540782791,0.0185240513893039
"289","E02000296","Enfield 020",0.321238264399898,0.481096168485156,0.157574219741182,0.0268967267191068,0.0131946206546562
"290","E02000297","Enfield 021",0.167145318782309,0.423894313612866,0.294371051120046,0.0818495117748421,0.0327398047099368
"291","E02000298","Enfield 022",0.160325203252033,0.44260162601626,0.299186991869919,0.0712195121951219,0.0266666666666667
"292","E02000299","Enfield 023",0.432228039557882,0.416812100058173,0.116637579988365,0.0221058755090169,0.012216404886562
"293","E02000300","Enfield 024",0.396264176117412,0.401601067378252,0.150433622414943,0.0386924616410941,0.0130086724482989
"294","E02000301","Enfield 025",0.485087942900841,0.388733112413969,0.0989039000764721,0.0229416263063982,0.00433341830231965
"295","E02000302","Enfield 026",0.260326609029779,0.433877681716298,0.227985910983029,0.0627601665065642,0.0150496317643292
"296","E02000303","Enfield 027",0.486217948717949,0.368589743589744,0.110576923076923,0.0272435897435897,0.00737179487179487
"297","E02000304","Enfield 028",0.153846153846154,0.440958164642375,0.295209176788124,0.0816464237516869,0.0283400809716599
"298","E02000305","Enfield 029",0.304222924446998,0.477736282677392,0.177247917265154,0.0290146509623671,0.0117782246480896
"299","E02000306","Enfield 030",0.574846967167501,0.344184752365053,0.0667779632721202,0.0105731775180857,0.00361713967723984
"300","E02000307","Enfield 031",0.289192399049881,0.435273159144893,0.206353919239905,0.0561163895486936,0.0130641330166271
"301","E02000308","Enfield 032",0.364511691884457,0.446354883081155,0.15302613480055,0.0288858321870702,0.00722145804676754
"302","E02000309","Enfield 033",0.45997357992074,0.40449141347424,0.111228533685601,0.0203434610303831,0.00396301188903567
"303","E02000311","Enfield 035",0.333150984682713,0.432166301969365,0.183807439824945,0.0415754923413567,0.00929978118161926
"304","E02000312","Enfield 036",0.400750821210699,0.438761145002346,0.12200844673862,0.0305021116846551,0.00797747536367902
"305","E02000313","Greenwich 001",0.49747572815534,0.400388349514563,0.0904854368932039,0.00854368932038835,0.00310679611650485
"306","E02000314","Greenwich 002",0.375627567320858,0.479233226837061,0.126882701962574,0.0143769968051118,0.00387950707439525
"307","E02000315","Greenwich 003",0.478197674418605,0.41046511627907,0.0912790697674419,0.0159883720930233,0.00406976744186047
"308","E02000316","Greenwich 004",0.586569579288026,0.356998381877023,0.0477346278317152,0.00627022653721683,0.00242718446601942
"309","E02000317","Greenwich 005",0.544375,0.3553125,0.085,0.0096875,0.005625
"310","E02000318","Greenwich 006",0.484922327139811,0.399329881206214,0.0999086201644837,0.0134023758757234,0.0024367956137679
"311","E02000319","Greenwich 007",0.471805483704087,0.412571132953958,0.0964821520951888,0.0152612519399897,0.00387997930677703
"312","E02000320","Greenwich 008",0.402931854199683,0.417987321711569,0.141838351822504,0.0281299524564184,0.00911251980982567
"313","E02000321","Greenwich 009",0.554049356969065,0.370177267987487,0.0660410149461244,0.00903719151894334,0.000695168578380257
"314","E02000323","Greenwich 011",0.565858535366158,0.340414896275931,0.0777305673581605,0.0117470632341915,0.00424893776555861
"315","E02000324","Greenwich 012",0.4969718560741,0.374064837905237,0.103669397933737,0.0217313858211614,0.00356252226576416
"316","E02000326","Greenwich 014",0.389836289222374,0.492496589358799,0.101978171896317,0.0133015006821282,0.00238744884038199
"317","E02000327","Greenwich 015",0.527789563003818,0.384811200678829,0.0776410691557064,0.0072125583368689,0.00254560882477726
"318","E02000328","Greenwich 016",0.401628664495114,0.463192182410423,0.109771986970684,0.0182410423452769,0.00716612377850163
"319","E02000329","Greenwich 017",0.317258883248731,0.469966159052453,0.158629441624365,0.0397631133671743,0.0143824027072758
"320","E02000331","Greenwich 019",0.42150803461063,0.42459826946848,0.125463535228677,0.019159456118665,0.00927070457354759
"321","E02000332","Greenwich 020",0.290060851926978,0.464164976335362,0.196078431372549,0.0405679513184584,0.00912778904665314
"322","E02000333","Greenwich 021",0.319800332778702,0.508153078202995,0.145424292845258,0.0209650582362729,0.00565723793677205
