"","MSOA11CD","MSOA11NM","H.G","H.F","H.B"
"1","E02000001","City of London 001",0.879457627118644,0.0871864406779661,0.0333559322033898
"2","E02000002","Barking and Dagenham 001",0.770627306273063,0.156309963099631,0.0730627306273063
"3","E02000003","Barking and Dagenham 002",0.816226978596317,0.131906421105027,0.0518666002986561
"4","E02000004","Barking and Dagenham 003",0.799579424134584,0.139275315431899,0.0611452604335167
"5","E02000005","Barking and Dagenham 004",0.805886475122635,0.132445690259285,0.0616678346180799
"6","E02000007","Barking and Dagenham 006",0.797520191104539,0.142418382436583,0.0600614264588784
"7","E02000008","Barking and Dagenham 007",0.78727634194831,0.138127755207883,0.0745959028438067
"8","E02000009","Barking and Dagenham 008",0.798927933293627,0.130315664085765,0.0707564026206075
"9","E02000010","Barking and Dagenham 009",0.806848520023215,0.126639582124202,0.0665118978525827
"10","E02000011","Barking and Dagenham 010",0.815742686277679,0.130596411831259,0.0536609018910619
"11","E02000012","Barking and Dagenham 011",0.834749190938511,0.118729773462783,0.0465210355987055
"12","E02000013","Barking and Dagenham 012",0.794334682218519,0.137943346822185,0.0677219709592954
"13","E02000014","Barking and Dagenham 013",0.795894490533929,0.13731121038077,0.066794299085301
"14","E02000015","Barking and Dagenham 014",0.800211556260743,0.136718233505223,0.0630702102340341
"15","E02000016","Barking and Dagenham 015",0.875325690463783,0.0881969775924961,0.0364773319437207
"16","E02000017","Barking and Dagenham 016",0.830195340080019,0.117557072252295,0.0522475876676865
"17","E02000018","Barking and Dagenham 017",0.80888638920135,0.129133858267717,0.0619797525309336
"18","E02000019","Barking and Dagenham 018",0.818269695505075,0.125060415659739,0.0566698888351861
"19","E02000020","Barking and Dagenham 019",0.796787408365675,0.135079775765416,0.068132815868909
"20","E02000021","Barking and Dagenham 020",0.813385627530364,0.129681174089069,0.0569331983805668
"21","E02000022","Barking and Dagenham 021",0.839580722342486,0.106870229007634,0.0535490486498804
"22","E02000023","Barking and Dagenham 022",0.819345880900957,0.122801604443073,0.0578525146559704
"23","E02000024","Barnet 001",0.848562426152028,0.114513588026782,0.0369239858211894
"24","E02000025","Barnet 002",0.831699346405229,0.119783810960282,0.0485168426344897
"25","E02000026","Barnet 003",0.843972754633296,0.11436717883732,0.0416600665293838
"26","E02000027","Barnet 004",0.812148364242551,0.130964784330069,0.0568868514273807
"27","E02000028","Barnet 005",0.854686993188453,0.103795004865391,0.0415180019461563
"28","E02000029","Barnet 006",0.843489491605025,0.11107197369966,0.0454385346953153
"29","E02000030","Barnet 007",0.838444687842278,0.112705366922234,0.0488499452354874
"30","E02000031","Barnet 008",0.837811900191939,0.113243761996161,0.0489443378119002
"31","E02000032","Barnet 009",0.844469899452717,0.114292987145221,0.0412371134020619
"32","E02000033","Barnet 010",0.823474288391707,0.124868220686424,0.0516574909218695
"33","E02000034","Barnet 011",0.844029149036201,0.10989656793606,0.0460742830277386
"34","E02000035","Barnet 012",0.828625235404896,0.120778405524168,0.0505963590709353
"35","E02000036","Barnet 013",0.842595178255608,0.109838964907382,0.0475658568370101
"36","E02000037","Barnet 014",0.839338876912021,0.117852376552715,0.0428087465352633
"37","E02000038","Barnet 015",0.839071713905269,0.111755754232452,0.0491725318622789
"38","E02000039","Barnet 016",0.872659176029963,0.0924344569288389,0.0349063670411985
"39","E02000040","Barnet 017",0.846880644713075,0.107127969987495,0.0459913852994303
"40","E02000041","Barnet 018",0.835659970491431,0.116785835886959,0.0475541936216093
"41","E02000042","Barnet 019",0.827709371181502,0.123695836074819,0.0485947927436789
"42","E02000043","Barnet 020",0.871101871101871,0.096543659043659,0.0323544698544699
"43","E02000044","Barnet 021",0.830504274563251,0.117829265270722,0.0516664601660265
"44","E02000045","Barnet 022",0.835987105597343,0.107648725212465,0.0563641691901924
"45","E02000046","Barnet 023",0.859408183491434,0.10009910802775,0.0404927084808155
"46","E02000047","Barnet 024",0.818693396641168,0.118614261848237,0.0626923415105953
"47","E02000048","Barnet 025",0.86625241927269,0.0990119181012529,0.0347356626260568
"48","E02000049","Barnet 026",0.824767729036811,0.118193578736916,0.0570386922262731
"49","E02000050","Barnet 027",0.829888712241653,0.116752782193959,0.0533585055643879
"50","E02000051","Barnet 028",0.843413900774835,0.117497397941483,0.0390887012836822
"51","E02000052","Barnet 029",0.85399051350794,0.106516807589194,0.0394926789028666
"52","E02000053","Barnet 030",0.859836725307577,0.100839369897666,0.0393239047947568
"53","E02000054","Barnet 031",0.862614487926728,0.099639189564252,0.0377463225090203
"54","E02000055","Barnet 032",0.849505840071878,0.107637017070979,0.0428571428571429
"55","E02000056","Barnet 033",0.884824142422927,0.0832609639600521,0.0319148936170213
"56","E02000057","Barnet 034",0.871726349545697,0.090860502405131,0.0374131480491716
"57","E02000058","Barnet 035",0.878082191780822,0.0911937377690802,0.0307240704500978
"58","E02000059","Barnet 036",0.816521655990056,0.126207094368486,0.0572712496414571
"59","E02000060","Barnet 037",0.87032967032967,0.0903846153846154,0.0392857142857143
"60","E02000061","Barnet 038",0.867340571571197,0.0963434419069013,0.0363159865219019
"61","E02000062","Barnet 039",0.819400630914827,0.122555205047319,0.0580441640378549
"62","E02000063","Barnet 040",0.838617128102137,0.112035575957538,0.0493472959403242
"63","E02000064","Barnet 041",0.828265044814341,0.108354673495519,0.0633802816901408
"64","E02000065","Bexley 001",0.882207148447691,0.0794416905817897,0.0383511609705192
"65","E02000066","Bexley 002",0.817238875635308,0.123742350378591,0.059018773986101
"66","E02000067","Bexley 003",0.8248,0.121485714285714,0.0537142857142857
"67","E02000068","Bexley 004",0.836897671900379,0.113156469951272,0.0499458581483487
"68","E02000069","Bexley 005",0.804972554084598,0.136745237326445,0.0582822085889571
"69","E02000070","Bexley 006",0.808888888888889,0.141333333333333,0.0497777777777778
"70","E02000071","Bexley 007",0.832054794520548,0.123835616438356,0.0441095890410959
"71","E02000072","Bexley 008",0.812851542525993,0.132350434634396,0.0547980228396114
"72","E02000073","Bexley 009",0.839612085042894,0.117679970160388,0.0427079447967176
"73","E02000074","Bexley 010",0.787459177008491,0.140431090790333,0.0721097322011757
"74","E02000075","Bexley 011",0.82221942627076,0.131353799698037,0.0464267740312028
"75","E02000077","Bexley 013",0.825897993097277,0.123865524734756,0.0502364821679663
"76","E02000078","Bexley 014",0.84044357469015,0.118590998043053,0.0409654272667971
"77","E02000079","Bexley 015",0.816783216783217,0.136300063572791,0.0469167196439924
"78","E02000080","Bexley 016",0.834040296924708,0.124708377518558,0.0412513255567338
"79","E02000081","Bexley 017",0.803806734992679,0.14548116597897,0.0507120990283509
"80","E02000082","Bexley 018",0.845313204146012,0.114353312302839,0.0403334835511492
"81","E02000083","Bexley 019",0.819158735032238,0.127213181864702,0.0536280831030601
"82","E02000084","Bexley 020",0.837891175641387,0.122262945211916,0.0398458791466967
"83","E02000085","Bexley 021",0.847839858102116,0.112251361966299,0.0399087799315849
"84","E02000086","Bexley 022",0.865720524017467,0.103575327510917,0.0307041484716157
"85","E02000087","Bexley 023",0.841271935611558,0.120596384747328,0.0381316796411136
"86","E02000088","Bexley 024",0.842703890396795,0.118262892594029,0.0390332170091767
"87","E02000089","Bexley 025",0.833611717846589,0.121289991006039,0.0450982911473725
"88","E02000090","Bexley 026",0.81343112537245,0.130300252120101,0.056268622507449
"89","E02000091","Bexley 027",0.816876678372237,0.133650072299112,0.0494732493286511
"90","E02000092","Bexley 028",0.777933395580454,0.150015561780268,0.0720510426392779
"91","E02000093","Brent 001",0.818524303960305,0.126619498300101,0.0548561977395939
"92","E02000094","Brent 002",0.841298879487766,0.109993139721015,0.0487079807912188
"93","E02000095","Brent 003",0.811309343816148,0.133857474044955,0.0548331821388973
"94","E02000096","Brent 004",0.834035272440116,0.124901289813109,0.0410634377467755
"95","E02000097","Brent 005",0.823063183746372,0.125027908015182,0.0519089082384461
"96","E02000098","Brent 006",0.823766364551863,0.121978851963746,0.0542547834843907
"97","E02000099","Brent 007",0.85528884805329,0.102446307568623,0.0422648443780866
"98","E02000100","Brent 008",0.856342393896042,0.106700047687172,0.0369575584167859
"99","E02000101","Brent 009",0.816116588084012,0.123231890270039,0.0606515216459494
"100","E02000102","Brent 010",0.810581738795428,0.133299088223963,0.0561191729806087
"101","E02000103","Brent 011",0.817723260346211,0.125874125874126,0.056402613779663
"102","E02000104","Brent 012",0.810551204374169,0.137136101669868,0.0523126939559628
"103","E02000105","Brent 013",0.849271897413606,0.106607259291458,0.0441208432949359
"104","E02000106","Brent 014",0.828716844474895,0.118919447978859,0.0523637075462465
"105","E02000107","Brent 015",0.845211372989151,0.104938271604938,0.049850355405911
"106","E02000108","Brent 016",0.830498177399757,0.114975698663426,0.0545261239368165
"107","E02000109","Brent 017",0.831001622060016,0.121451743714517,0.0475466342254663
"108","E02000110","Brent 018",0.83356003462347,0.120069246939533,0.0463707184369977
"109","E02000111","Brent 019",0.829687180535678,0.114393784502147,0.0559190349621754
"110","E02000112","Brent 020",0.829198473282443,0.118214588634436,0.0525869380831213
"111","E02000113","Brent 021",0.796685655100984,0.136302433972035,0.0670119109269808
"112","E02000114","Brent 022",0.853940066592675,0.0981132075471698,0.0479467258601554
"113","E02000115","Brent 023",0.833333333333333,0.108393285371703,0.058273381294964
"114","E02000116","Brent 024",0.825953636698148,0.124003434318656,0.0500429289831964
"115","E02000117","Brent 025",0.794972113543661,0.133688504120536,0.0713393823358029
"116","E02000118","Brent 026",0.831618037135278,0.121379310344828,0.0470026525198939
"117","E02000119","Brent 027",0.801048565121413,0.127207505518764,0.0717439293598234
"118","E02000120","Brent 028",0.848274365096592,0.102018667245496,0.0497069676579119
"119","E02000121","Brent 029",0.827941341094817,0.122915034143065,0.049143624762118
"120","E02000122","Brent 030",0.839212773858151,0.108676816437678,0.0521104097041713
"121","E02000123","Brent 031",0.823629322644201,0.116651946463754,0.0597187308920443
"122","E02000124","Brent 032",0.86284484445314,0.0929368029739777,0.044218352572882
"123","E02000125","Brent 033",0.840591770688858,0.10920018492834,0.0502080443828017
"124","E02000126","Brent 034",0.793183279742765,0.127974276527331,0.0788424437299035
"125","E02000127","Bromley 001",0.785689025109042,0.151125780973712,0.0631851939172463
"126","E02000128","Bromley 002",0.848505621058404,0.110227584315876,0.0412667946257198
"127","E02000130","Bromley 004",0.844579226686884,0.11536517563811,0.0400555976750063
"128","E02000131","Bromley 005",0.849899486263123,0.110565110565111,0.0395354031717668
"129","E02000132","Bromley 006",0.85315746469009,0.10575463989728,0.0410878954126299
"130","E02000133","Bromley 007",0.860087445346658,0.103893399958359,0.0360191546949823
"131","E02000134","Bromley 008",0.848510164299638,0.108326371484266,0.0431634642160958
"132","E02000135","Bromley 009",0.794637353605917,0.138380932812821,0.0669817135812616
"133","E02000136","Bromley 010",0.804643854748603,0.139490223463687,0.0558659217877095
"134","E02000137","Bromley 011",0.851265014055712,0.11027344748275,0.0384615384615385
"135","E02000138","Bromley 012",0.854460685483871,0.113785282258065,0.0317540322580645
"136","E02000139","Bromley 013",0.862438220757825,0.100906095551895,0.0366556836902801
"137","E02000140","Bromley 014",0.780624300460142,0.148115905981843,0.0712597935580152
"138","E02000141","Bromley 015",0.840345821325648,0.114553314121037,0.0451008645533141
"139","E02000142","Bromley 016",0.862160531080266,0.105491852745926,0.0323476161738081
"140","E02000144","Bromley 018",0.87340168183389,0.0973390162423684,0.0292593019237415
"141","E02000145","Bromley 019",0.805837249567153,0.135790254761316,0.058372495671531
"142","E02000146","Bromley 020",0.852715040845747,0.108121095627102,0.0391638635271504
"143","E02000147","Bromley 021",0.879407704856318,0.0952440707742502,0.0253482243694315
"144","E02000148","Bromley 022",0.858466211085801,0.107972665148064,0.0335611237661352
"145","E02000149","Bromley 023",0.815905552672548,0.132200311364816,0.0518941359626362
"146","E02000150","Bromley 024",0.861812956532152,0.104777870913663,0.0334091725541851
"147","E02000151","Bromley 025",0.859651439133879,0.106812780565091,0.0335357803010298
"148","E02000152","Bromley 026",0.811168594035301,0.133140596469872,0.0556908094948265
"149","E02000153","Bromley 027",0.873114119922631,0.101611863313991,0.0252740167633785
"150","E02000154","Bromley 028",0.849604221635884,0.110064078401809,0.0403316999623068
"151","E02000155","Bromley 029",0.797827661115134,0.147284576393917,0.0548877624909486
"152","E02000156","Bromley 030",0.850339011079874,0.114933024640318,0.0347279642798082
"153","E02000157","Bromley 031",0.847061778001005,0.121546961325967,0.0313912606730286
"154","E02000158","Bromley 032",0.825366648560565,0.129820749592613,0.0448126018468224
"155","E02000159","Bromley 033",0.856870229007634,0.10936582501468,0.0337639459776864
"156","E02000160","Bromley 034",0.86036150712831,0.107561099796334,0.0320773930753564
"157","E02000161","Bromley 035",0.857074910820452,0.110820451843044,0.0321046373365042
"158","E02000162","Bromley 036",0.815628268340057,0.138353503660541,0.0460182279994024
"159","E02000163","Bromley 037",0.856339869281046,0.111895424836601,0.0317647058823529
"160","E02000165","Bromley 039",0.868843151171043,0.101206529453513,0.0299503193754436
"161","E02000166","Camden 001",0.819409389197375,0.113831398283695,0.0667592125189298
"162","E02000167","Camden 002",0.890483383685801,0.0781722054380665,0.0313444108761329
"163","E02000168","Camden 003",0.844468918257465,0.104136074400392,0.0513950073421439
"164","E02000169","Camden 004",0.89275893675527,0.0809218279429095,0.0263192353018201
"165","E02000170","Camden 005",0.882106020628448,0.0827536579515471,0.0351403214200048
"166","E02000171","Camden 006",0.848170887695063,0.098362752622154,0.0534663596827833
"167","E02000172","Camden 007",0.782201635951513,0.131861633980487,0.0859367300680004
"168","E02000173","Camden 008",0.88885993485342,0.0792182410423453,0.0319218241042345
"169","E02000174","Camden 009",0.825223777828781,0.108446178563232,0.0663300436079872
"170","E02000175","Camden 010",0.866636528028933,0.0841998191681736,0.0491636528028933
"171","E02000176","Camden 011",0.891416915110623,0.0803389298603484,0.0282441550290287
"172","E02000177","Camden 012",0.795596781403666,0.127961555654895,0.0764416629414394
"173","E02000178","Camden 013",0.815851868578525,0.111775996387039,0.072372135034436
"174","E02000179","Camden 014",0.856691420445568,0.0943276978985622,0.0489808816558698
"175","E02000180","Camden 015",0.837722506705681,0.103877103145574,0.0584003901487442
"176","E02000181","Camden 016",0.891411520498184,0.0749870264660093,0.033601453035807
"177","E02000182","Camden 017",0.85023144691653,0.105569658055846,0.0441988950276243
"178","E02000183","Camden 018",0.843674965247062,0.100593959307469,0.0557310754454695
"179","E02000184","Camden 019",0.812879981986039,0.120806124746679,0.0663138932672821
"180","E02000185","Camden 020",0.790229191797346,0.132207478890229,0.0775633293124246
"181","E02000186","Camden 021",0.851203828323613,0.091819949155077,0.05697622252131
"182","E02000187","Camden 022",0.767136725935009,0.1408951563458,0.0919681177191907
"183","E02000188","Camden 023",0.813506368661379,0.123527998077385,0.0629656332612353
"184","E02000189","Camden 024",0.832436069986541,0.109690444145357,0.0578734858681023
"185","E02000190","Camden 025",0.826958831341301,0.114342629482072,0.0586985391766268
"186","E02000191","Camden 026",0.888221955448846,0.0754968654128318,0.036281179138322
"187","E02000192","Camden 027",0.80815984350985,0.119742909040101,0.0720972474500489
"188","E02000193","Camden 028",0.8478374836173,0.10524246395806,0.0469200524246396
"189","E02000194","Croydon 001",0.848551057957682,0.109475620975161,0.0419733210671573
"190","E02000195","Croydon 002",0.840472027972028,0.118444055944056,0.0410839160839161
"191","E02000196","Croydon 003",0.817911657436175,0.130217479400243,0.0518708631635823
"192","E02000197","Croydon 004",0.834616230481636,0.119529360017594,0.0458544095007697
"193","E02000198","Croydon 005",0.834324659231722,0.12180916976456,0.0438661710037175
"194","E02000199","Croydon 006",0.856227758007117,0.103795966785291,0.0399762752075919
"195","E02000200","Croydon 007",0.837231733783458,0.117434289848083,0.0453339763684591
"196","E02000201","Croydon 008",0.812099987924164,0.131988890230648,0.0559111218451878
"197","E02000202","Croydon 009",0.835049134300421,0.116635470285447,0.048315395414132
"198","E02000203","Croydon 010",0.815360127337843,0.130123358535615,0.054516514126542
"199","E02000204","Croydon 011",0.825874348889125,0.123418730732433,0.0507069203784416
"200","E02000206","Croydon 013",0.815074955446064,0.131355487996645,0.0535695565572911
"201","E02000207","Croydon 014",0.830758973219247,0.119124347149683,0.0501166796310701
"202","E02000208","Croydon 015",0.825025536261491,0.114504596527068,0.0604698672114402
"203","E02000209","Croydon 016",0.840860470644164,0.114808652246256,0.0443308771095793
"204","E02000210","Croydon 017",0.84705174488568,0.11323706377858,0.0397111913357401
"205","E02000211","Croydon 018",0.83625,0.12325,0.0405
"206","E02000212","Croydon 019",0.834095975595448,0.115686964683797,0.0502170597207556
"207","E02000213","Croydon 020",0.813003873939902,0.124594283321118,0.0624018427389802
"208","E02000214","Croydon 021",0.851828094932649,0.115618986529827,0.0325529185375241
"209","E02000215","Croydon 022",0.829815554287887,0.11646700893706,0.0537174367750523
"210","E02000216","Croydon 023",0.841941228851291,0.114277233600475,0.0437815375482339
"211","E02000217","Croydon 024",0.843827415359207,0.113955408753097,0.0422171758876961
"212","E02000218","Croydon 025",0.843524096385542,0.112801204819277,0.0436746987951807
"213","E02000219","Croydon 026",0.826437678896695,0.133749674733281,0.0398126463700234
"214","E02000220","Croydon 027",0.840906790810647,0.115575346624836,0.0435178625645178
"215","E02000221","Croydon 028",0.809470468431772,0.134215885947047,0.0563136456211813
"216","E02000222","Croydon 029",0.863135217336206,0.104042580154607,0.0328222025091877
"217","E02000223","Croydon 030",0.808505554891889,0.131167124596822,0.060327320511289
"218","E02000224","Croydon 031",0.865434669442998,0.101119208745445,0.0334461218115565
"219","E02000225","Croydon 032",0.795222295952223,0.14479097544791,0.0599867285998673
"220","E02000226","Croydon 033",0.855285846929301,0.11142061281337,0.0332935402573286
"221","E02000227","Croydon 034",0.833669266497239,0.124791867496276,0.041538866006485
"222","E02000228","Croydon 035",0.865028256012617,0.104481535024313,0.03049020896307
"223","E02000229","Croydon 036",0.773611546909319,0.156730467524318,0.0696579855663634
"224","E02000230","Croydon 037",0.84748631159781,0.112991538078646,0.0395221503235441
"225","E02000231","Croydon 038",0.849707221860768,0.109173715029278,0.0411190631099545
"226","E02000232","Croydon 039",0.83599162236185,0.11632028355083,0.0476880940873208
"227","E02000233","Croydon 040",0.843846780766096,0.115403422982885,0.0407497962510187
"228","E02000234","Croydon 041",0.845195064190452,0.116539947650505,0.0382649881590428
"229","E02000235","Croydon 042",0.867250287026406,0.0995981630309988,0.0331515499425947
"230","E02000236","Croydon 043",0.858467162814989,0.112155633894764,0.0293772032902468
"231","E02000237","Croydon 044",0.811103678929766,0.139397993311037,0.0494983277591973
"232","E02000238","Ealing 001",0.841473684210526,0.114210526315789,0.0443157894736842
"233","E02000239","Ealing 002",0.846666666666667,0.115666666666667,0.0376666666666667
"234","E02000240","Ealing 003",0.818509498295178,0.128300048709206,0.0531904529956162
"235","E02000241","Ealing 004",0.855701159813225,0.105889441180901,0.0384093990058744
"236","E02000242","Ealing 005",0.831583616738134,0.126866775099808,0.0415496081620583
"237","E02000243","Ealing 006",0.819132683041485,0.129862498530967,0.0510048184275473
"238","E02000244","Ealing 007",0.842861126603458,0.115309537088678,0.0418293363078639
"239","E02000245","Ealing 008",0.801495831289848,0.13339872486513,0.0651054438450221
"240","E02000246","Ealing 009",0.816300868770005,0.128372199359854,0.0553269318701417
"241","E02000247","Ealing 010",0.814512999611952,0.128734963135429,0.0567520372526193
"242","E02000248","Ealing 011",0.864194164166894,0.0973547859285519,0.0384510499045541
"243","E02000249","Ealing 012",0.823857013340241,0.124336225877477,0.0518067607822821
"244","E02000250","Ealing 013",0.875443194080469,0.0958840758439957,0.0286727300755357
"245","E02000251","Ealing 014",0.835347432024169,0.11996475327291,0.0446878147029204
"246","E02000252","Ealing 015",0.833402019369462,0.107562332577787,0.0590356480527509
"247","E02000253","Ealing 016",0.788413621262459,0.14109219269103,0.0704941860465116
"248","E02000254","Ealing 017",0.811487317018661,0.138004246284501,0.0505084366968376
"249","E02000255","Ealing 018",0.853354463814052,0.10026413100898,0.0463814051769678
"250","E02000256","Ealing 019",0.870104954294098,0.0927660534928338,0.0371289922130685
"251","E02000257","Ealing 020",0.870012584203124,0.093049078392183,0.0369383374046932
"252","E02000258","Ealing 021",0.856760772659732,0.101634472511144,0.0416047548291233
"253","E02000259","Ealing 022",0.868387507966858,0.0987890376035691,0.032823454429573
"254","E02000260","Ealing 023",0.798163030998852,0.135017221584386,0.0668197474167623
"255","E02000261","Ealing 024",0.846832621214936,0.103288129295932,0.0498792494891325
"256","E02000262","Ealing 025",0.827450980392157,0.11484593837535,0.057703081232493
"257","E02000263","Ealing 026",0.797542321904271,0.131734983243104,0.0707226948526253
"258","E02000264","Ealing 027",0.852400345551031,0.100826854251512,0.0467728001974577
"259","E02000265","Ealing 028",0.839553916719129,0.108822735857541,0.0516233474233294
"260","E02000266","Ealing 029",0.79004135917606,0.139161462979483,0.0707971778444571
"261","E02000267","Ealing 030",0.85965925498123,0.0986139185677159,0.041726826451054
"262","E02000268","Ealing 031",0.856272707843556,0.0982047446035478,0.0455225475528959
"263","E02000269","Ealing 032",0.886358009408269,0.0854171824709086,0.028224808120822
"264","E02000270","Ealing 033",0.806788511749347,0.119234116623151,0.0739773716275022
"265","E02000271","Ealing 034",0.896347774656218,0.0739316871211001,0.0297205382226822
"266","E02000272","Ealing 035",0.85877296976882,0.102400711321873,0.0388263189093065
"267","E02000274","Ealing 037",0.819838215660096,0.122437760150789,0.0577240241891149
"268","E02000275","Ealing 038",0.787102224725429,0.140523796113771,0.0723739791607998
"269","E02000276","Ealing 039",0.878012496280869,0.0876227313299613,0.0343647723891699
"270","E02000277","Enfield 001",0.817963564468295,0.130066374805818,0.0519700607258862
"271","E02000278","Enfield 002",0.787371279846102,0.144845535815322,0.0677831843385764
"272","E02000279","Enfield 003",0.826691462982643,0.119022316684378,0.0542862203329791
"273","E02000280","Enfield 004",0.821843805049912,0.121785085143864,0.0563711098062243
"274","E02000281","Enfield 005",0.819354838709677,0.121901528013582,0.0587436332767402
"275","E02000282","Enfield 006",0.804498080087767,0.135161821173889,0.0603400987383434
"276","E02000283","Enfield 007",0.816832858499525,0.130460588793922,0.0527065527065527
"277","E02000284","Enfield 008",0.833536585365854,0.121341463414634,0.0451219512195122
"278","E02000285","Enfield 009",0.839775655601031,0.122934667273003,0.0372896771259663
"279","E02000286","Enfield 010",0.82544741358176,0.131895072321647,0.0426575140965923
"280","E02000287","Enfield 011",0.83321119742049,0.125018320386927,0.0417704821925839
"281","E02000288","Enfield 012",0.809246901811249,0.131935176358437,0.0588179218303146
"282","E02000289","Enfield 013",0.830567818541635,0.125133201400518,0.0442989800578475
"283","E02000290","Enfield 014",0.804473902236951,0.128831814415907,0.0666942833471417
"284","E02000291","Enfield 015",0.82350963693411,0.125280143433438,0.0512102196324518
"285","E02000292","Enfield 016",0.835784828745535,0.121138894725783,0.0430762765286825
"286","E02000293","Enfield 017",0.847312509909624,0.113207547169811,0.0394799429205645
"287","E02000294","Enfield 018",0.804031985583962,0.137290235386868,0.05867777902917
"288","E02000295","Enfield 019",0.833651779316933,0.116073561022212,0.050274659660855
"289","E02000296","Enfield 020",0.816151022548505,0.132878867330886,0.0509701101206083
"290","E02000297","Enfield 021",0.835986233598623,0.119380511938051,0.0446332544633254
"291","E02000298","Enfield 022",0.865220661985958,0.10481444332999,0.0299648946840522
"292","E02000299","Enfield 023",0.800365120274914,0.134450171821306,0.0651847079037801
"293","E02000300","Enfield 024",0.814637734461199,0.126149319602795,0.0592129459360059
"294","E02000301","Enfield 025",0.794141012909633,0.134061569016882,0.0717974180734856
"295","E02000302","Enfield 026",0.808311313956282,0.135839538794139,0.0558491472495796
"296","E02000303","Enfield 027",0.784862932061979,0.141954707985697,0.0731823599523242
"297","E02000304","Enfield 028",0.846829027073804,0.113981950797379,0.0391890221288169
"298","E02000305","Enfield 029",0.847214178153597,0.109579520444805,0.0432063014015985
"299","E02000306","Enfield 030",0.78893868182315,0.138812985025686,0.0722483331511641
"300","E02000307","Enfield 031",0.810999696140991,0.132482528106958,0.056517775752051
"301","E02000308","Enfield 032",0.823552223371251,0.124482936918304,0.0519648397104447
"302","E02000309","Enfield 033",0.809896081609305,0.130040995328439,0.0600629230622557
"303","E02000311","Enfield 035",0.802775526742301,0.13685170178282,0.0603727714748784
"304","E02000312","Enfield 036",0.83825073999809,0.11018810274038,0.0515611572615296
"305","E02000313","Greenwich 001",0.834297898263783,0.106609808102345,0.0590922936338715
"306","E02000314","Greenwich 002",0.877848678213309,0.081965967790945,0.040185353995746
"307","E02000315","Greenwich 003",0.806277533039648,0.121696035242291,0.0720264317180617
"308","E02000316","Greenwich 004",0.853488372093023,0.100372093023256,0.0461395348837209
"309","E02000317","Greenwich 005",0.814336917562724,0.121624850657109,0.0640382317801673
"310","E02000318","Greenwich 006",0.831335094492989,0.11410282462914,0.0545620808778704
"311","E02000319","Greenwich 007",0.845592926807037,0.105004101722724,0.0494029714702397
"312","E02000320","Greenwich 008",0.830615942028985,0.118961352657005,0.0504227053140097
"313","E02000321","Greenwich 009",0.802916666666667,0.128194444444444,0.0688888888888889
"314","E02000323","Greenwich 011",0.833708075697958,0.113172194116545,0.0531197301854975
"315","E02000324","Greenwich 012",0.792481203007519,0.135885167464115,0.0716336295283664
"316","E02000326","Greenwich 014",0.845544554455446,0.105233380480905,0.0492220650636492
"317","E02000327","Greenwich 015",0.853040293040293,0.0933333333333333,0.0536263736263736
"318","E02000328","Greenwich 016",0.834695731153497,0.114138661822586,0.0511656070239176
"319","E02000329","Greenwich 017",0.812459546925566,0.128802588996764,0.0587378640776699
"320","E02000331","Greenwich 019",0.814199974460478,0.122972800408632,0.06282722513089
"321","E02000332","Greenwich 020",0.851509720115814,0.109058320694885,0.039431959189301
"322","E02000333","Greenwich 021",0.869357154251077,0.0937948636146116,0.0368479821343117
"323","E02000334","Greenwich 022",0.795486164785902,0.141289225537177,0.0632246096769207
"324","E02000335","Greenwich 023",0.836768972362193,0.119560238204306,0.0436707894335013
"325","E02000337","Greenwich 025",0.784341006830256,0.143561851758158,0.0720971414115861
"326","E02000339","Greenwich 027",0.816247906197655,0.129815745393635,0.0539363484087102
"327","E02000340","Greenwich 028",0.810939553219448,0.140768725361367,0.0482917214191853
"328","E02000341","Greenwich 029",0.780554470909801,0.144735129506703,0.074710399583496
"329","E02000342","Greenwich 030",0.835580350224702,0.115140244847358,0.0492794049279405
"330","E02000343","Greenwich 031",0.785168539325843,0.149962546816479,0.0648689138576779
"331","E02000344","Greenwich 032",0.828558008454674,0.121183654297792,0.0502583372475341
"332","E02000345","Hackney 001",0.884815569133288,0.0789771441502602,0.0362072867164517
"333","E02000346","Hackney 002",0.752462245567958,0.147078135259357,0.100459619172685
"334","E02000347","Hackney 003",0.857088989441931,0.0910005027652086,0.0519105077928607
"335","E02000348","Hackney 004",0.839408866995074,0.101724137931034,0.0588669950738916
"336","E02000350","Hackney 006",0.864975794569564,0.089349610608293,0.0456745948221427
"337","E02000351","Hackney 007",0.86049513082248,0.0921037193476475,0.0474011498298721
"338","E02000352","Hackney 008",0.831178265291297,0.103007409559785,0.0658143251489176
"339","E02000353","Hackney 009",0.863986642692011,0.0878499871564346,0.0481633701515541
"340","E02000354","Hackney 010",0.800147337402652,0.125447274258051,0.074405388339297
"341","E02000355","Hackney 011",0.818503241013553,0.11101944608132,0.0704773129051267
"342","E02000356","Hackney 012",0.863871494690988,0.0868499863871495,0.0492785189218622
"343","E02000357","Hackney 013",0.776936425303676,0.138192143871273,0.0848714308250513
"344","E02000358","Hackney 014",0.818954603002351,0.113854223186833,0.0671911738108157
"345","E02000359","Hackney 015",0.820088132502659,0.113052727549005,0.0668591399483361
"346","E02000360","Hackney 016",0.813673397095289,0.120262132483174,0.0660644704215374
"347","E02000361","Hackney 017",0.828534031413613,0.11413612565445,0.0573298429319372
"348","E02000362","Hackney 018",0.797108282256797,0.135942165645136,0.066949552098067
"349","E02000363","Hackney 019",0.796864914707238,0.12964499769479,0.0734900875979714
"350","E02000364","Hackney 020",0.837712867937296,0.103304387053118,0.0589827450095861
"351","E02000365","Hackney 021",0.840958947038546,0.102240676903792,0.0568003760576622
"352","E02000366","Hackney 022",0.801033591731266,0.126027719050975,0.072938689217759
"353","E02000367","Hackney 023",0.860486603018171,0.094343496560928,0.0451699004209013
"354","E02000368","Hackney 024",0.790513833992095,0.129498647805284,0.0799875182026212
"355","E02000369","Hackney 025",0.819475590822839,0.110143177505606,0.0703812316715543
"356","E02000370","Hackney 026",0.817973738103843,0.112275629442236,0.0697506324539212
"357","E02000371","Hackney 027",0.866278599725119,0.0911148839841539,0.0426065162907268
"358","E02000372","Hammersmith and Fulham 001",0.811771117166213,0.125776566757493,0.0624523160762943
"359","E02000373","Hammersmith and Fulham 002",0.798137578852508,0.132021628116552,0.0698407930309402
"360","E02000374","Hammersmith and Fulham 003",0.831971475263705,0.106819194770465,0.0612093299658297
"361","E02000375","Hammersmith and Fulham 004",0.828116107000569,0.109277177006261,0.0626067159931702
"362","E02000376","Hammersmith and Fulham 005",0.844251626898048,0.101084598698482,0.0546637744034707
"363","E02000377","Hammersmith and Fulham 006",0.840861794589301,0.101481209450361,0.0576569959603379
"364","E02000378","Hammersmith and Fulham 007",0.865625956535047,0.0880012243648607,0.0463728191000918
"365","E02000379","Hammersmith and Fulham 008",0.855428043793695,0.0944466429230972,0.050125313283208
"366","E02000380","Hammersmith and Fulham 009",0.876684291318438,0.0852805730854511,0.0380351355961112
"367","E02000381","Hammersmith and Fulham 010",0.87615859938208,0.0850926879505664,0.0387487126673532
"368","E02000382","Hammersmith and Fulham 011",0.860872385276472,0.0917788227663369,0.0473487919571915
"369","E02000383","Hammersmith and Fulham 012",0.862913486005089,0.0917090754877014,0.0453774385072095
"370","E02000384","Hammersmith and Fulham 013",0.805601092896175,0.119535519125683,0.0748633879781421
"371","E02000385","Hammersmith and Fulham 014",0.898085037325544,0.0722168127231418,0.0296981499513145
"372","E02000386","Hammersmith and Fulham 015",0.817232055063913,0.117133726647001,0.0656342182890855
"373","E02000387","Hammersmith and Fulham 016",0.85124362244898,0.0955038265306122,0.0532525510204082
"374","E02000388","Hammersmith and Fulham 017",0.862106803218727,0.0900999756157035,0.0477932211655694
"375","E02000389","Hammersmith and Fulham 018",0.879830405814658,0.0821320411871593,0.0380375529981829
"376","E02000390","Hammersmith and Fulham 019",0.869416873449132,0.0812655086848635,0.049317617866005
"377","E02000391","Hammersmith and Fulham 020",0.878897658170527,0.0820287229913313,0.0390736188381421
"378","E02000392","Hammersmith and Fulham 021",0.885675506368762,0.07694717059929,0.0373773230319482
"379","E02000393","Hammersmith and Fulham 022",0.901508870834024,0.0691427623942961,0.0293483667716797
"380","E02000394","Hammersmith and Fulham 023",0.86602192134107,0.0882011605415861,0.0457769181173436
"381","E02000395","Hammersmith and Fulham 024",0.898504453033104,0.0736010754495043,0.027894471517392
"382","E02000396","Hammersmith and Fulham 025",0.882104628373285,0.0805065581184984,0.0373888135082165
"383","E02000397","Haringey 001",0.836852207293666,0.108381317978247,0.054766474728087
"384","E02000398","Haringey 002",0.78127193598203,0.145584725536993,0.0731433384809771
"385","E02000400","Haringey 004",0.837376108502869,0.10980699008868,0.0528169014084507
"386","E02000401","Haringey 005",0.778289278289278,0.13988713988714,0.0818235818235818
"387","E02000402","Haringey 006",0.791100492757951,0.134985814543826,0.0739136926982231
"388","E02000403","Haringey 007",0.830670926517572,0.116960688984581,0.0523683844978469
"389","E02000404","Haringey 008",0.800273410799727,0.133424470266576,0.0663021189336979
"390","E02000405","Haringey 009",0.884086744043983,0.0792608430054979,0.0366524129505192
"391","E02000406","Haringey 010",0.800711743772242,0.125551601423488,0.0737366548042705
"392","E02000407","Haringey 011",0.803336980306346,0.125,0.0716630196936543
"393","E02000408","Haringey 012",0.807540725170783,0.130451918024172,0.0620073568050447
"394","E02000409","Haringey 013",0.791634747969971,0.130994331239467,0.0773709207905623
"395","E02000410","Haringey 014",0.887643806962498,0.0821754071417899,0.0301807858957119
"396","E02000411","Haringey 015",0.813875469672571,0.122249060654858,0.0638754696725711
"397","E02000412","Haringey 016",0.79519814868383,0.129302863754701,0.0754989875614695
"398","E02000413","Haringey 017",0.87,0.0910666666666667,0.0389333333333333
"399","E02000414","Haringey 018",0.824850090642867,0.118393529493794,0.0567563798633384
"400","E02000415","Haringey 019",0.81300219138057,0.123739956172389,0.0632578524470416
"401","E02000416","Haringey 020",0.81415220293725,0.123364485981308,0.0624833110814419
"402","E02000417","Haringey 021",0.885260635110845,0.0819352905931696,0.0328040742959856
"403","E02000418","Haringey 022",0.873298239244872,0.0916681793428935,0.0350335814122345
"404","E02000419","Haringey 023",0.832757770103601,0.110014800197336,0.0572274296990627
"405","E02000420","Haringey 024",0.804224973089343,0.128094725511302,0.0676803013993541
"406","E02000421","Haringey 025",0.797565752658086,0.121152770005596,0.0812814773363179
"407","E02000422","Haringey 026",0.799744408945687,0.130095846645367,0.0701597444089457
"408","E02000423","Haringey 027",0.82621458975488,0.113606340819022,0.0601790694260972
"409","E02000424","Haringey 028",0.860933592664629,0.090302861906085,0.0487635454292859
"410","E02000425","Haringey 029",0.867282249173098,0.0899944873208379,0.0427232635060639
"411","E02000426","Haringey 030",0.864358936265042,0.0946367553112465,0.0410043084237112
"412","E02000427","Haringey 031",0.853078494309892,0.0997957397140356,0.0471257659760724
"413","E02000428","Haringey 032",0.807319851894047,0.122472230133865,0.0702079179720877
"414","E02000429","Haringey 033",0.894045534150613,0.0757443082311734,0.0302101576182137
"415","E02000430","Haringey 034",0.894836187137657,0.0755022246191182,0.029661588243225
"416","E02000431","Haringey 035",0.905908750934929,0.0697083021690351,0.0243829468960359
"417","E02000432","Haringey 036",0.8470715835141,0.102726991013325,0.0502014254725751
"418","E02000433","Harrow 001",0.797163674212855,0.138433515482696,0.0644028103044497
"419","E02000434","Harrow 002",0.824289706567303,0.125291103865859,0.0504191895668374
"420","E02000435","Harrow 003",0.804201454349583,0.131295448424455,0.0645030972259628
"421","E02000436","Harrow 004",0.858180560359737,0.105326876513317,0.0364925631269457
"422","E02000437","Harrow 005",0.820341411006327,0.126298197445386,0.053360391548287
"423","E02000438","Harrow 006",0.814664981036662,0.132237673830594,0.0530973451327434
"424","E02000439","Harrow 007",0.828174506458689,0.123568120887156,0.0482573726541555
"425","E02000440","Harrow 008",0.855888807607901,0.105862681575922,0.0382485108161772
"426","E02000441","Harrow 009",0.813970807268394,0.134792969913613,0.0512362228179923
"427","E02000442","Harrow 010",0.837008959338387,0.12083620491615,0.0421548357454629
"428","E02000443","Harrow 011",0.818901795142555,0.128405491024287,0.0526927138331573
"429","E02000444","Harrow 012",0.833862807389105,0.120131780209436,0.046005412401459
"430","E02000445","Harrow 013",0.829658536585366,0.122536585365854,0.0478048780487805
"431","E02000447","Harrow 015",0.83933125531312,0.116038537829413,0.0446302068574667
"432","E02000448","Harrow 016",0.861617226321337,0.10495407318175,0.0334287004969131
"433","E02000449","Harrow 017",0.80373602064643,0.141698414649134,0.0545655647044365
"434","E02000451","Harrow 019",0.850839694656489,0.110076335877863,0.0390839694656489
"435","E02000452","Harrow 020",0.859941591628133,0.101241177902166,0.0388172304697007
"436","E02000453","Harrow 021",0.857742782152231,0.105774278215223,0.0364829396325459
"437","E02000454","Harrow 022",0.872776051962722,0.101524992939847,0.0256989550974301
"438","E02000455","Harrow 023",0.844376152427781,0.110018438844499,0.0456054087277197
"439","E02000456","Harrow 024",0.845020541153138,0.111488879444681,0.0434905794021816
"440","E02000457","Harrow 025",0.843680709534368,0.117199873297434,0.0391194171681977
"441","E02000459","Harrow 027",0.827079538554948,0.1210686095932,0.0518518518518519
"442","E02000460","Harrow 028",0.829702362687941,0.114145443387542,0.0561521939245167
"443","E02000461","Harrow 029",0.8846984309774,0.0844969051389089,0.0308046638836908
"444","E02000462","Harrow 030",0.837153196622437,0.117310012062726,0.0455367913148372
"445","E02000463","Harrow 031",0.834499940680982,0.120892158025863,0.0446079012931546
"446","E02000464","Havering 001",0.761742365524725,0.166485816152534,0.0717718183227407
"447","E02000465","Havering 002",0.783984867591425,0.144892812105927,0.0711223203026482
"448","E02000466","Havering 003",0.797272836973573,0.143960419934838,0.0587667430915892
"449","E02000467","Havering 004",0.770610805765841,0.154723633723945,0.0746655605102147
"450","E02000468","Havering 005",0.806219480853251,0.140195322539193,0.0535851966075559
"451","E02000469","Havering 006",0.776346422474003,0.155517616017383,0.068135961508614
"452","E02000470","Havering 007",0.812729808545708,0.135793077215671,0.0514771142386205
"453","E02000471","Havering 008",0.832238165482097,0.124446828483304,0.0433150060345984
"454","E02000472","Havering 009",0.822449660696407,0.132717766158638,0.0448325731449549
"455","E02000473","Havering 010",0.841468502294535,0.113788068418857,0.0447434292866083
